Starting data capturing
Starting data capturing
Channel 0 Data:
0
0
0
0
0
0
0
0
0
0
0
0
0
0
0
0
0
0
0
0
0
0
0
0
0
0
0
0
0
0
0
0
0
0
0
0
0
0
0
0
0
0
0
0
0
0
0
0
0
0
0
0
0
0
0
0
0
0
0
0
0
0
0
0
0
0
0
0
0
0
0
0
0
0
0
0
0
0
0
0
0
0
0
0
0
0
0
0
0
0
0
0
0
0
0
0
0
0
0
0
0
0
0
0
0
0
0
0
0
0
0
0
0
0
0
0
0
0
0
0
0
0
0
0
0
0
0
0
0
0
0
0
0
0
0
0
0
0
0
0
0
0
0
0
0
0
0
0
0
0
0
0
0
0
0
0
0
0
0
0
0
0
0
0
0
0
0
0
0
0
0
0
0
0
0
0
0
0
0
0
0
0
0
0
0
0
0
0
0
0
0
0
0
0
0
0
0
0
0
0
0
0
0
0
0
0
0
0
0
0
0
0
0
0
0
0
0
0
0
0
0
0
0
0
0
0
0
0
0
0
0
0
0
0
0
0
0
0
0
0
0
0
0
0
0
0
0
0
0
0
0
0
0
0
0
0
0
0
0
0
0
0
0
0
0
0
0
0
0
0
0
0
0
0
0
0
0
0
0
0
0
0
0
0
0
0
0
0
0
0
0
0
0
0
0
0
0
0
0
0
0
0
0
0
0
0
0
0
0
0
0
0
0
0
0
0
0
0
0
0
0
0
0
0
0
0
0
0
0
0
0
0
0
0
0
0
0
0
0
0
0
0
0
0
0
0
0
0
0
0
0
0
0
0
0
0
0
0
0
0
0
0
0
0
0
0
0
0
0
0
0
0
0
0
0
0
0
0
0
0
0
0
0
0
0
0
0
0
0
0
0
0
0
0
0
0
0
0
0
0
0
0
0
0
0
0
0
0
0
0
0
0
0
0
0
0
0
0
0
0
0
0
0
0
0
0
0
0
0
0
0
0
0
0
0
0
0
0
0
0
0
0
0
0
0
0
0
0
0
0
0
0
0
0
0
0
0
0
0
0
0
0
0
0
0
0
0
0
0
0
0
0
0
0
0
0
0
0
0
0
0
0
0
0
0
0
0
0
0
0
0
0
0
0
0
0
0
0
0
0
0
0
0
0
0
0
0
0
0
0
0
0
0
0
0
0
0
0
0
0
0
0
0
0
0
0
0
0
0
0
0
0
0
0
0
0
0
0
0
0
0
0
0
0
0
0
0
0
0
0
0
69
196
347
486
578
669
764
844
934
989
999
1050
1120
1148
1177
1235
1246
1307
1297
1331
1349
1387
1384
1431
1439
1473
1483
1494
1483
1525
1498
1511
1540
1539
1532
1553
1565
1576
1559
1590
1561
1580
1560
1599
1596
1596
1608
1625
1633
1637
1668
1649
1668
1672
1702
1665
1698
1708
1687
1687
1692
1685
1676
1676
1695
1678
1673
1689
1688
1682
1673
1662
1685
1664
1658
1680
1653
1690
1646
1667
1661
1655
1650
1643
1634
1630
1629
1646
1677
1634
1647
1670
1635
1665
1684
1692
1675
1665
1707
1689
1703
1687
1716
1718
1688
1694
1722
1744
1746
1736
1765
1771
1749
1764
1771
1757
1758
1733
1763
1727
1761
1764
1721
1720
1722
1745
1720
1706
1694
1686
1705
1715
1678
1711
1681
1706
1707
1708
1707
1699
1695
1691
1678
1712
1684
1677
1674
1683
1688
1674
1700
1700
1685
1710
1717
1670
1717
1700
1693
1693
1696
1703
1720
1716
1697
1708
1697
1709
1710
1723
1733
1725
1702
1725
1721
1722
1733
1720
1708
1714
1699
1714
1723
1731
1714
1722
1702
1725
1672
1711
1724
1712
1721
1728
1727
1710
1711
1698
1730
1737
1744
1726
1737
1723
1720
1729
1737
1746
1737
1702
1717
1719
1724
1712
1746
1719
1708
1728
1734
1721
1693
1699
1719
1692
1716
1705
1673
1704
1680
1679
1641
1660
1666
1681
1629
1646
1660
1649
1654
1646
1641
1656
1642
1626
1633
1633
1650
1630
1635
1651
1655
1632
1622
1643
1666
1612
1639
1636
1623
1629
1660
1696
1699
1695
1726
1705
1706
1731
1732
1725
1734
1715
1756
1774
1741
1771
1727
1723
1727
1754
1723
1719
1718
1714
1732
1741
1709
1712
1703
1736
1741
1722
1712
1706
1734
1740
1727
1721
1725
1738
1723
1718
1702
1719
1710
1694
1692
1700
1707
1659
1645
1645
1664
1624
1645
1639
1631
1641
1652
1614
1611
1586
1595
1580
1581
1565
1590
1569
1593
1560
1578
1575
1578
1555
1556
1579
1547
1561
1541
1556
1541
1547
1534
1554
1538
1545
1527
1548
1528
1554
1544
1510
1549
1547
1532
1535
1551
1518
1524
1555
1551
1541
1543
1514
1564
1535
1566
1538
1577
1566
1579
1581
1562
1561
1543
1571
1563
1547
1556
1563
1578
1552
1585
1582
1543
1579
1569
1583
1569
1568
1584
1602
1592
1603
1627
1625
1595
1643
1634
1663
1657
1663
1701
1699
1704
1727
1758
1759
1758
1771
1805
1812
1817
1819
1843
1865
1864
1879
1889
1902
1896
1899
1950
1943
1930
1946
1957
1922
1960
1914
1943
1957
1946
1986
1978
1999
1977
2014
2010
1997
2024
2032
1988
2015
2040
2041
2072
2093
2089
2073
2096
2108
2098
2081
2099
2136
2194
2240
2284
2320
2332
2316
2300
2316
2299
2310
2326
2288
2352
2339
2336
2356
2388
2402
2378
2390
2419
2404
2396
2419
2384
2370
2417
2385
2388
2388
2387
2425
2404
2444
2451
2445
2451
2482
2481
2480
2456
2502
2498
2530
2544
2534
2527
2556
2569
2580
2592
2582
2619
2604
2615
2585
2592
2586
2608
2613
2625
2604
2628
2622
2648
2602
2631
2608
2591
2595
2604
2610
2606
2595
2635
2611
2585
2613
2569
2556
2570
2578
2541
2543
2543
2563
2512
2534
2516
2520
2495
2523
2509
2464
2459
2453
2462
2445
2452
2431
2454
2427
2418
2431
2428
2432
2419
2366
2380
2377
2365
2388
2347
2348
2348
2332
2351
2338
2342
2311
2279
2310
2291
2268
2278
2253
2244
2252
2217
2227
2220
2196
2154
2163
2176
2144
2154
2116
2121
2125
2093
2091
2096
2090
2112
2067
2081
2073
2084
2068
2058
2024
2058
2010
2014
1992
2027
1997
2003
1969
1948
1974
1978
1951
1933
1915
1933
1922
1923
1916
1898
1911
1884
1891
1907
1920
1909
1878
1894
1885
1878
1888
1879
1896
1878
1885
1883
1871
1856
1869
1849
1885
1861
1847
1836
1860
1874
1859
1883
1880
1862
1882
1888
1860
1863
1889
1863
1851
1840
1820
1809
1810
1771
1749
1736
1707
1714
1725
1710
1653
1697
1667
1666
1674
1708
1678
1675
1713
1699
1706
1742
1768
1809
1852
1847
1875
1907
1954
1963
1977
1992
2007
2068
2077
2090
2116
2118
2138
2153
2211
2178
2203
2214
2220
2233
2268
2251
2289
2304
2294
2297
2328
2313
2312
2310
2297
2329
2313
2302
2273
2281
2266
2286
2259
2250
2259
2273
2251
2256
2216
2195
2206
2198
2183
2203
2208
2215
2180
2202
2168
2185
2197
2171
2146
2123
2131
2139
2136
2110
2108
2104
2120
2088
2105
2083
2092
2100
2075
2091
2063
2077
2041
2076
2038
2062
2045
2033
2046
2029
2006
2033
2032
2022
2004
2006
2047
2021
2008
2004
1995
2002
1995
2002
1997
1984
1996
1994
1970
1975
1962
1953
1937
1960
1985
1963
1977
1957
1937
1947
1941
1929
1928
1951
1925
1947
1935
1927
1921
1905
1921
1920
1882
1913
1876
1891
1859
1898
1872
1867
1895
1860
1855
1854
1854
1855
1827
1868
1828
1831
1822
1829
1831
1829
1847
1842
1836
1823
1828
1841
1847
1852
1845
1837
1831
1833
1816
1821
1819
1814
1811
1839
1804
1783
1793
1790
1801
1814
1791
1781
1792
1819
1797
1777
1800
1797
1794
1779
1816
1809
1787
1793
1792
1815
1808
1834
1826
1835
1826
1837
1828
1816
1817
1821
1832
1835
1842
1825
1814
1816
1821
1842
1843
1844
1800
1827
1852
1812
1832
1825
1833
1843
1828
1804
1803
1832
1821
1779
1792
1825
1794
1802
1781
1788
1775
1799
1783
1799
1799
1772
1773
1774
1764
1778
1754
1760
1763
1761
1739
1754
1756
1755
1738
1752
1772
1783
1742
1755
1753
1765
1760
1774
1779
1759
1774
1773
1747
1763
1749
1742
1749
1738
1751
1739
1785
1787
1775
1739
1764
1775
1785
1765
1763
1787
1752
1772
1756
1784
1784
1780
1757
1764
1756
1752
1744
1758
1735
1773
1721
1747
1756
1739
1736
1744
1737
1726
1722
1737
1719
1712
1726
1727
1710
1744
1704
1739
1691
1719
1701
1709
1729
1691
1688
1703
1712
1718
1715
1674
1727
1696
1701
1696
1700
1696
1703
1691
1693
1693
1676
1680
1677
1684
1683
1650
1675
1666
1660
1687
1683
1665
1671
1653
1648
1657
1670
1673
1630
1681
1650
1647
1648
1658
1641
1654
1648
1652
1653
1663
1648
1647
1644
1648
1637
1662
1667
1657
1675
1680
1686
1693
1694
1684
1714
1697
1708
1693
1706
1724
1752
1756
1779
1785
1771
1805
1802
1802
1824
1795
1801
1797
1842
1851
1809
1849
1841
1858
1834
1909
1893
1893
1879
1882
1884
1903
1905
1888
1924
1912
1925
1924
1935
1936
1947
2020
2040
2112
2123
2127
2140
2164
2189
2190
2258
2249
2279
2284
2324
2331
2348
2356
2373
2391
2404
2448
2452
2466
2443
2470
2494
2480
2514
2523
2507
2508
2537
2533
2550
2576
2595
2578
2600
2604
2641
2616
2595
2652
2643
2632
2658
2651
2668
2697
2647
2661
2665
2683
2693
2672
2682
2676
2693
2659
2707
2693
2701
2705
2736
2750
2758
2766
2748
2753
2745
2752
2783
2790
2746
2782
2740
2772
2765
2798
2804
2782
2767
2784
2776
2778
2773
2757
2752
2755
2780
2774
2774
2790
2776
2751
2779
2768
2734
2724
2723
2718
2746
2720
2723
2711
2739
2713
2713
2703
2675
2699
2680
2643
2658
2646
2662
2646
2652
2636
2610
2611
2611
2624
2600
2581
2584
2601
2558
2567
2544
2568
2538
2552
2516
2543
2513
2499
2487
2507
2471
2512
2470
2480
2454
2437
2422
2452
2440
2445
2456
2426
2388
2376
2375
2381
2384
2377
2376
2370
2384
2352
2348
2342
2333
2305
2291
2275
2277
2266
2260
2229
2241
2249
2227
2229
2209
2222
2218
2212
2197
2199
2172
2160
2160
2164
2174
2155
2113
2132
2111
2095
2059
2070
2061
2072
2037
2056
2034
2044
2035
2024
2016
2021
2004
2006
1997
1993
1992
1998
1957
1953
1965
1964
1943
1957
1933
1927
1936
1925
1903
1885
1907
1893
1898
1890
1868
1857
1852
1846
1828
1824
1806
1786
1774
1754
1747
1760
1720
1708
1719
1685
1688
1684
1679
1697
1706
1712
1708
1709
1708
1754
1759
1764
1781
1808
1818
1801
1782
1775
1753
1760
1715
1721
1699
1708
1735
1711
1702
1685
1693
1650
1668
1661
1648
1637
1623
1637
1623
1632
1621
1649
1608
1607
1603
1615
1593
1576
1602
1610
1616
1608
1597
1612
1603
1622
1611
1630
1634
1615
1600
1594
1600
1583
1610
1600
1604
1587
1596
1592
1610
1611
1597
1615
1620
1616
1629
1612
1593
1590
1625
1594
1627
1698
1786
1805
1852
1882
1872
1879
1916
1920
1931
1976
1985
2015
2057
2076
2091
2098
2121
2131
2109
2124
2142
2162
2163
2178
2177
2206
2202
2243
2256
2246
2267
2305
2301
2308
2332
2330
2330
2360
2384
2354
2392
2374
2372
2377
2368
2380
2373
2376
2398
2352
2360
2339
2341
2338
2365
2329
2338
2299
2289
2301
2299
2300
2288
2248
2251
2250
2234
2245
2220
2249
2235
2225
2168
2192
2168
2179
2169
2179
2144
2177
2131
2161
2149
2140
2146
2143
2143
2144
2133
2146
2118
2098
2108
2095
2128
2115
2102
2099
2081
2105
2065
2057
2088
2058
2087
2062
2030
2041
2067
2089
2069
2041
2039
2054
2033
2017
2050
2032
2050
1997
2008
2002
1997
2009
1992
1993
1970
1969
1968
1972
1978
1987
1961
1954
1971
1982
1977
1979
1976
1979
1990
1978
1963
1954
1972
1969
1968
1948
1968
1972
1956
1923
1971
1937
1959
1940
1958
1972
1973
1941
1980
1955
1983
1950
1980
1962
1941
1944
1975
1948
1964
1978
1939
1944
1938
1922
1933
1924
1891
1882
1890
1892
1895
1865
1832
1851
1849
1840
1824
1831
1816
1811
1822
1784
1791
1814
1803
1800
1776
1772
1773
1751
1769
1747
1784
1735
1744
1762
1757
1719
1716
1759
1728
1684
1746
1746
1730
1753
1684
1739
1721
1707
1730
1747
1734
1710
1752
1741
1704
1703
1726
1727
1713
1699
1703
1708
1725
1729
1700
1742
1701
1712
1702
1719
1697
1729
1706
1707
1724
1696
1694
1683
1703
1722
1706
1697
1723
1734
1711
1687
1713
1707
1697
1707
1696
1695
1691
1716
1687
1719
1680
1696
1683
1696
1700
1710
1694
1699
1701
1687
1696
1686
1716
1683
1684
1710
1680
1697
1682
1691
1707
1691
1716
1701
1695
1711
1709
1686
1714
1696
1708
1712
1701
1714
1704
1688
1704
1701
1703
1695
1729
1723
1694
1672
1690
1680
1721
1661
1692
1699
1688
1690
1709
1673
1690
1687
1717
1723
1754
1744
1737
1730
1731
1751
1734
1726
1744
1753
1718
1747
1747
1730
1732
1744
1745
1788
1782
1776
1780
1806
1783
1782
1824
1817
1827
1836
1838
1840
1843
1823
1825
1859
1864
1856
1905
1954
1980
1997
2036
2051
2083
2086
2109
2134
2161
2187
2216
2197
2235
2282
2251
2277
2314
2296
2354
2359
2346
2387
2362
2426
2445
2427
2446
2478
2494
2490
2501
2491
2544
2560
2578
2566
2568
2610
2630
2630
2652
2690
2668
2706
2687
2687
2698
2696
2702
2711
2715
2698
2725
2732
2763
2776
2746
2788
2784
2763
2810
2806
2800
2789
2789
2807
2786
2784
2780
2770
2774
2804
2774
2795
2774
2779
2781
2768
2743
2748
2708
2731
2747
2752
2750
2724
2755
2749
2716
2719
2724
2732
2746
2741
2728
2734
2758
2711
2780
2749
2782
2769
2768
2787
2775
2789
2810
2795
2786
2773
2760
2767
2752
2747
2752
2737
2779
2742
2732
2766
2743
2726
2725
2722
2710
2731
2704
2692
2692
2702
2673
2711
2668
2650
2668
2636
2642
2638
2623
2611
2630
2604
2594
2587
2589
2566
2583
2551
2564
2537
2546
2519
2514
2484
2488
2449
2466
2464
2470
2430
2443
2423
2398
2382
2376
2404
2385
2379
2387
2408
2381
2345
2340
2356
2349
2312
2305
2328
2306
2310
2298
2296
2288
2254
2245
2247
2216
2242
2217
2221
2195
2214
2212
2219
2193
2176
2186
2187
2151
2168
2135
2114
2122
2131
2127
2070
2092
2078
2075
2052
2056
2035
2039
2045
2036
2004
2021
2025
2028
2014
2024
2002
2005
1989
1983
1984
1962
1975
1979
1957
1943
1930
1926
1888
1869
1878
1849
1846
1820
1867
1828
1834
1803
1794
1789
1771
1784
1782
1766
1746
1728
1732
1703
1726
1686
1657
1689
1658
1649
1643
1662
1671
1688
1678
1716
1767
1796
1787
1803
1820
1820
1889
1855
1901
1907
1911
1926
1989
1995
1990
2020
2032
2043
2078
2057
2098
2124
2128
2150
2223
2237
2243
2276
2313
2332
2315
2364
2337
2363
2369
2353
2376
2384
2426
2410
2395
2422
2416
2446
2426
2412
2408
2422
2402
2416
2420
2390
2375
2393
2418
2381
2388
2374
2376
2387
2357
2357
2371
2370
2361
2341
2359
2343
2335
2304
2324
2297
2292
2300
2310
2275
2288
2272
2242
2231
2218
2217
2175
2179
2157
2166
2166
2155
2141
2141
2144
2129
2150
2137
2112
2135
2099
2144
2106
2106
2081
2110
2103
2123
2084
2098
2102
2086
2082
2092
2079
2090
2070
2100
2064
2098
2097
2064
2077
2066
2075
2076
2058
2043
2075
2083
2082
2062
2065
2060
2082
2070
2063
2058
2064
2038
2015
2030
2020
2025
2000
2010
2008
1988
1977
1975
1978
1986
1969
1966
1979
1964
1931
1936
1940
1950
1939
1947
1917
1932
1926
1909
1917
1919
1927
1926
1945
1927
1933
1915
1944
1914
1911
1923
1935
1899
1905
1891
1886
1900
1868
1882
1879
1852
1869
1882
1899
1936
1952
1946
1916
1926
1960
1954
1940
1919
1939
1949
1898
1930
1916
1923
1909
1908
1941
1904
1880
1901
1907
1903
1915
1909
1903
1923
1894
1893
1913
1889
1877
1906
1866
1882
1900
1884
1889
1914
1908
1906
1870
1908
1920
1905
1893
1913
1890
1912
1899
1900
1921
1897
1895
1895
1891
1882
1886
1901
1915
1898
1888
1870
1886
1899
1887
1899
1908
1867
1879
1864
1911
1903
1886
1877
1888
1880
1879
1887
1885
1875
1874
1869
1855
1877
1886
1887
1869
1862
1859
1841
1864
1858
1829
1872
1831
1855
1827
1841
1832
1843
1837
1817
1808
1816
1815
1837
1818
1788
1800
1820
1799
1799
1811
1800
1788
1795
1767
1800
1786
1756
1772
1774
1763
1802
1805
1765
1766
1783
1762
1754
1748
1767
1744
1756
1767
1780
1727
1777
1747
1756
1723
1750
1773
1739
1755
1746
1762
1742
1750
1744
1744
1731
1734
1748
1739
1736
1700
1745
1755
1758
1744
1742
1757
1749
1748
1712
1759
1748
1741
1720
1722
1722
1755
1727
1723
1751
1723
1743
1746
1744
1717
1722
1721
1718
1718
1723
1735
1749
1726
1748
1731
1735
1730
1748
1727
1745
1719
1741
1704
1727
1736
1726
1714
1718
1709
1731
1738
1756
1747
1746
1776
1768
1776
1812
1817
1803
1839
1808
1809
1818
1834
1860
1863
1855
1850
1848
1883
1828
1862
1899
1887
1910
1916
1911
1943
1911
1934
1943
1950
1959
1946
1936
1936
1966
1938
1952
1956
1948
1927
1954
1933
1951
1920
1950
1965
1953
1941
1982
1959
1976
1943
1984
1988
2000
1975
2011
2047
2047
2047
2040
2074
2087
2109
2088
2098
2106
2112
2120
2116
2131
2157
2143
2162
2147
2178
2171
2161
2158
2159
2182
2247
2290
2352
2372
2386
2444
2443
2461
2489
2485
2539
2554
2541
2600
2594
2594
2627
2631
2655
2670
2690
2714
2711
2720
2756
2750
2772
2794
2796
2794
2797
2859
2850
2846
2857
2875
2871
2878
2868
2880
2909
2896
2941
2928
2910
2941
2905
2935
2910
2921
2878
2888
2895
2872
2834
2846
2843
2854
2836
2828
2843
2826
2854
2863
2868
2868
2847
2850
2864
2826
2854
2824
2832
2850
2857
2891
2911
2879
2894
2868
2912
2891
2906
2871
2872
2900
2882
2890
2897
2891
2915
2887
2889
2897
2893
2896
2856
2876
2882
2879
2878
2907
2878
2920
2896
2906
2892
2885
2859
2891
2876
2881
2873
2878
2896
2863
2880
2872
2859
2800
2809
2823
2831
2820
2811
2809
2797
2795
2805
2781
2800
2777
2750
2737
2758
2768
2778
2747
2751
2746
2708
2710
2678
2694
2685
2634
2688
2671
2644
2629
2652
2616
2608
2599
2592
2584
2586
2576
2525
2536
2554
2515
2501
2508
2489
2493
2475
2492
2458
2466
2435
2416
2442
2428
2429
2414
2412
2407
2368
2360
2337
2342
2326
2282
2289
2263
2274
2277
2251
2260
2250
2224
2228
2251
2219
2210
2200
2192
2180
2176
2192
2147
2164
2153
2130
2139
2113
2110
2094
2129
2128
2092
2062
2090
2091
2058
2025
2054
2028
2025
2014
2020
2026
2007
2015
2029
1982
1966
2011
2004
1978
1959
1945
1968
1959
1934
1914
1906
1890
1899
1903
1858
1887
1853
1843
1818
1846
1836
1824
1828
1800
1798
1798
1799
1788
1800
1783
1776
1768
1767
1729
1730
1732
1711
1706
1704
1703
1700
1680
1665
1655
1678
1679
1683
1663
1697
1682
1696
1679
1676
1675
1687
1658
1682
1668
1702
1721
1746
1786
1778
1809
1791
1859
1841
1862
1887
1970
1990
2011
2033
2088
2112
2115
2142
2160
2168
2205
2226
2252
2297
2294
2326
2344
2360
2384
2387
2380
2450
2426
2440
2440
2469
2488
2475
2478
2505
2505
2477
2490
2465
2435
2421
2385
2394
2379
2406
2406
2394
2384
2368
2368
2336
2330
2336
2314
2292
2327
2345
2311
2327
2326
2339
2320
2328
2346
2336
2328
2314
2320
2314
2317
2302
2319
2293
2323
2281
2260
2276
2268
2282
2262
2267
2256
2267
2238
2247
2209
2209
2206
2196
2216
2206
2188
2196
2184
2183
2171
2183
2176
2164
2149
2144
2181
2146
2122
2105
2116
2109
2091
2075
2084
2097
2080
2086
2088
2057
2061
2080
2075
2078
2072
2058
2070
2036
2073
2032
2056
2067
2054
2035
2033
2035
2050
2061
2041
2050
2074
2088
2058
2089
2087
2092
2070
2083
2070
2084
2088
2102
2099
2087
2067
2077
2064
2100
2064
2052
2063
2059
2083
2087
2046
2075
2052
2031
2052
2055
2050
2089
2112
2142
2143
2208
2174
2200
2190
2186
2169
2186
2196
2182
2203
2196
2178
2179
2190
2204
2210
2176
2188
2172
2180
2151
2201
2163
2168
2154
2163
2182
2156
2152
2133
2151
2150
2176
2125
2137
2139
2140
2118
2132
2149
2122
2089
2148
2142
2116
2112
2114
2123
2113
2103
2100
2120
2101
2130
2123
2109
2111
2090
2077
2087
2080
2096
2090
2092
2086
2091
2074
2086
2106
2078
2067
2058
2050
2071
2032
2061
2059
2023
2027
2022
2027
2006
2008
1989
1980
1980
1972
1971
1958
1954
1966
1960
1944
1965
1948
1915
1957
1952
1929
1929
1921
1943
1930
1914
1926
1939
1920
1922
1901
1927
1906
1900
1890
1931
1898
1902
1872
1919
1886
1897
1888
1896
1884
1891
1869
1880
1896
1892
1886
1872
1892
1890
1867
1891
1897
1875
1873
1886
1875
1861
1848
1850
1854
1872
1875
1837
1842
1863
1868
1832
1842
1852
1826
1867
1846
1870
1831
1850
1846
1865
1822
1822
1828
1821
1858
1854
1816
1847
1828
1831
1820
1825
1849
1822
1802
1822
1815
1840
1802
1815
1795
1815
1819
1824
1792
1811
1778
1786
1794
1778
1809
1787
1786
1782
1771
1763
1800
1791
1799
1791
1767
1771
1781
1761
1791
1793
1798
1788
1811
1806
1810
1808
1844
1834
1829
1825
1839
1863
1860
1866
1843
1881
1875
1869
1857
1896
1884
1891
1883
1892
1889
1895
1901
1912
1902
1920
1922
1922
1909
1928
1933
1944
1928
1947
1936
1977
1974
1986
1972
1985
1970
1968
1978
1965
1992
1980
2005
2028
2018
2005
2014
2031
2021
2041
2006
2034
2018
2047
2054
2137
2156
2219
2259
2275
2254
2288
2313
2318
2318
2367
2402
2428
2456
2438
2454
2478
2496
2487
2495
2513
2511
2515
2523
2556
2531
2540
2578
2551
2579
2549
2600
2562
2609
2579
2594
2628
2645
2658
2636
2647
2623
2605
2646
2624
2633
2640
2651
2631
2636
2670
2650
2686
2667
2673
2640
2675
2659
2684
2644
2670
2694
2712
2698
2717
2695
2727
2711
2731
2704
2744
2734
2743
2748
2734
2730
2740
2748
2737
2762
2734
2745
2737
2745
2752
2740
2724
2720
2717
2714
2724
2740
2757
2728
2698
2698
2698
2704
2686
2679
2682
2658
2661
2652
2644
2637
2656
2632
2621
2606
2600
2568
2560
2560
2566
2542
2548
2499
2516
2520
2500
2515
2488
2467
2466
2468
2467
2465
2432
2402
2416
2384
2389
2378
2355
2388
2381
2354
2324
2355
2344
2320
2282
2296
2305
2274
2297
2274
2250
2257
2255
2240
2211
2224
2212
2215
2177
2155
2153
2151
2180
2146
2116
2100
2087
2054
2072
2041
2014
2008
1979
1939
1922
1907
1900
1886
1888
1878
1892
1872
1864
1880
1878
1912
1883
1915
1930
1973
1953
1982
1978
1956
1954
1946
1916
1917
1910
1930
1983
2001
1996
1994
1969
1947
1945
1920
1908
1943
1934
1955
1960
1949
1994
1932
1985
1950
1948
1923
1927
1932
1963
1948
2004
1962
1974
1942
1947
1930
1955
1948
1948
1960
1972
1990
1974
1972
2011
1983
1980
2022
2009
1988
1991
2058
2035
2054
2071
2074
2096
2108
2083
2123
2124
2113
2145
2155
2158
2187
2154
2151
2129
2122
2144
2135
2132
2153
2121
2139
2126
2126
2109
2098
2104
2124
2096
2080
2128
2100
2083
2096
2032
2034
2035
2002
2004
2019
2022
2105
2130
2158
2190
2207
2165
2174
2187
2203
2214
2197
2206
2226
2245
2223
2243
2224
2248
2228
2266
2244
2262
2259
2268
2257
2279
2276
2256
2253
2247
2232
2246
2272
2227
2227
2238
2241
2206
2221
2218
2198
2198
2199
2228
2188
2211
2210
2199
2166
2168
2182
2167
2166
2160
2155
2173
2147
2172
2141
2150
2158
2144
2120
2116
2109
2115
2102
2094
2107
2125
2108
2117
2075
2078
2087
2077
2064
2100
2104
2113
2084
2106
2103
2076
2081
2082
2058
2080
2059
2062
2058
2059
2033
2027
2011
2001
2004
2010
2019
2006
1993
1978
2013
1972
1994
1985
1977
1992
1998
1970
1978
1981
1994
1949
1974
1978
1970
1948
1945
1947
1940
1918
1936
1941
1947
1925
1927
1925
1939
1927
1915
1916
1934
1900
1894
1914
1911
1910
1872
1882
1878
1871
1852
1873
1884
1870
1887
1884
1876
1879
1855
1852
1836
1859
1840
1824
1828
1835
1837
1832
1817
1855
1837
1824
1833
1851
1843
1815
1824
1825
1832
1816
1842
1853
1832
1805
1835
1817
1814
1815
1817
1834
1830
1828
1837
1827
1849
1835
1818
1847
1840
1812
1829
1834
1821
1800
1808
1829
1807
1803
1804
1818
1794
1805
1800
1787
1790
1795
1789
1758
1766
1795
1771
1771
1787
1767
1778
1744
1764
1794
1770
1756
1761
1749
1777
1769
1772
1785
1751
1756
1761
1763
1742
1769
1729
1758
1748
1754
1748
1763
1734
1761
1729
1762
1752
1725
1773
1742
1746
1752
1739
1725
1738
1758
1748
1750
1719
1732
1718
1721
1742
1711
1737
1722
1742
1746
1745
1720
1749
1747
1769
1757
1772
1771
1767
1787
1771
1778
1791
1806
1804
1822
1842
1799
1817
1808
1831
1824
1841
1841
1840
1851
1858
1864
1876
1887
1905
1880
1923
1913
1925
1921
1936
1918
1944
1925
1941
1965
1939
1921
1942
1936
1951
1942
1993
2010
1999
1987
2031
1989
2004
2012
2009
1991
1997
1995
1998
2011
2016
2002
1988
1992
2018
1992
1992
2020
2010
2022
1991
2043
2040
2057
2030
2071
2131
2209
2198
2261
2242
2294
2254
2294
2308
2319
2343
2375
2395
2415
2411
2413
2420
2424
2450
2448
2488
2482
2495
2479
2534
2513
2513
2488
2537
2547
2536
2548
2591
2601
2605
2604
2582
2562
2601
2554
2585
2593
2600
2602
2576
2605
2597
2596
Channel 1 Data:
2011
2009
2004
1977
1990
2043
2022
1992
1966
2003
2012
2012
1989
1981
2009
1979
1988
2014
1966
2042
1965
1999
2014
1995
2000
1989
2019
1983
2000
1994
1972
1956
1943
1975
1972
1979
1990
2000
1993
1985
1927
1962
1974
1938
2037
1958
1955
1945
1976
2008
1996
1996
1980
1962
1953
1970
1984
1989
1981
1950
2004
1971
1982
1978
1962
1924
1992
1943
1991
1960
1992
1976
2017
1928
1947
1967
2034
1971
2019
1950
1991
1972
2004
1984
1976
1968
2003
1972
1947
1959
1998
1962
1958
1933
1936
1968
1962
1947
1993
1964
1970
1952
1940
2001
1968
2002
2001
1994
1982
1932
1973
1984
1976
1980
1988
1936
1971
1984
1983
1942
1972
1979
1962
2015
1943
1987
1984
1914
1963
1991
1986
2035
1989
1988
1966
1980
1989
2014
1951
1957
2018
1980
1928
1968
1889
1985
1948
1959
1996
1987
1938
1949
1937
1971
1979
1988
2018
1939
2007
1993
2021
1968
1985
2023
2008
1964
1941
1988
1970
2015
1987
1942
1969
1993
2002
1981
1922
1937
1944
1924
1959
2001
1993
1985
2025
1973
1965
1991
2009
1970
2026
1972
1963
2022
1972
1978
1995
1959
2004
1998
1973
1970
1978
2002
1955
1989
1991
1978
1988
2026
1962
1960
1982
1954
2027
1980
1962
1938
1948
1987
1990
1960
1987
1995
1965
1961
1965
1952
1949
1988
2006
1913
1958
1994
2006
1935
1952
1995
1938
1995
2013
1970
1958
1961
2009
2016
1962
2001
1945
2009
1997
1981
1965
1950
2011
1987
1878
1931
2045
1964
1949
1948
2026
1960
1979
1979
1985
1966
1983
1958
1955
1984
1997
1975
2015
1955
1964
2006
1975
1980
1963
1996
1857
1941
1883
1987
1961
1983
1967
1954
1984
2040
2004
1960
1983
2028
1946
2008
1994
1985
1969
1962
1960
1988
1950
1982
2002
1966
1881
1959
1998
2023
1906
2014
1998
1985
1996
1963
2038
1957
2011
2024
1956
1993
1962
1997
1971
1998
2033
1975
2027
1923
1932
2019
1998
2024
2019
1984
1946
2004
1952
1993
1972
1996
1977
1983
1941
1972
1980
2018
1886
1952
1971
2018
1994
1980
1992
1980
2020
1982
1897
2051
1941
1963
1987
1997
1945
1951
2012
1953
1944
1980
2056
1996
2003
1998
2008
1934
1973
1977
1975
2004
1963
1980
1975
1992
1976
2002
2012
1959
1970
1966
1986
1952
1927
1998
1987
1981
1941
1947
1991
1963
1943
1968
1989
1936
1963
1997
1952
1956
1936
1964
1995
1981
1987
1955
2008
1954
1999
1958
1989
1965
1996
1951
1995
1984
1931
1975
1990
1992
1998
2008
1985
1967
2001
2035
1979
1960
1940
2043
1936
1986
2028
1972
2035
2008
2015
1958
1992
1994
1969
1965
1995
2019
1953
1984
1922
2032
1991
1984
2000
1965
1963
2010
1921
2051
1984
1984
1944
2008
1906
1986
2008
2001
2024
2016
1985
1961
2051
1957
1993
1958
1970
2080
1971
1974
1980
2038
2000
1955
1992
1984
2002
1973
1952
1986
1978
1970
2024
2016
1917
1974
1935
1982
2010
2000
1984
1997
1953
2001
2000
1978
1980
1974
2023
1935
2024
1992
1955
1943
1981
1914
1952
1977
2003
1926
2038
2000
1938
1926
1973
1972
1973
1988
2043
1889
1924
1926
1944
1935
1950
1927
1992
1926
1909
1918
1928
1895
1903
1875
1906
1824
1935
1914
1929
1959
1894
1922
1896
1833
1849
1876
1848
1835
1922
1851
1878
1879
1756
1768
1846
1886
1879
1822
1859
1820
1893
1871
1853
1813
1882
1845
1903
1868
1811
1856
1785
1803
1806
1856
1859
1800
1818
1700
1795
1786
1798
1776
1817
1833
1783
1806
1835
1808
1800
1836
1741
1773
1782
1770
1802
1768
1762
1783
1812
1877
1786
1740
1764
1714
1772
1716
1752
1778
1743
1761
1730
1769
1736
1733
1755
1772
1644
1778
1766
1741
1704
1724
1752
1774
1693
1756
1757
1713
1712
1793
1758
1664
1683
1663
1736
1721
1722
1730
1728
1684
1713
1760
1705
1715
1729
1751
1683
1647
1617
1689
1696
1708
1690
1723
1653
1695
1601
1690
1676
1655
1687
1664
1657
1587
1651
1680
1693
1643
1671
1695
1682
1702
1688
1694
1647
1693
1675
1682
1675
1654
1692
1557
1630
1682
1674
1690
1648
1634
1664
1693
1609
1670
1638
1671
1557
1663
1645
1643
1657
1656
1649
1591
1627
1695
1695
1652
1617
1624
1657
1638
1676
1613
1627
1611
1603
1623
1612
1621
1702
1684
1641
1630
1659
1643
1624
1624
1666
1644
1647
1687
1624
1646
1622
1621
1638
1656
1640
1638
1607
1598
1660
1637
1578
1632
1616
1646
1599
1632
1631
1627
1637
1618
1631
1603
1635
1596
1642
1711
1684
1650
1556
1618
1650
1603
1605
1605
1579
1572
1642
1591
1554
1592
1585
1608
1587
1664
1618
1607
1460
1655
1633
1642
1571
1647
1672
1584
1613
1605
1603
1648
1544
1433
1637
1547
1582
1662
1611
1600
1589
1621
1623
1595
1573
1637
1635
1587
1620
1627
1674
1595
1642
1610
1546
1576
1617
1571
1551
1554
1571
1597
1564
1603
1533
1559
1580
1572
1580
1589
1602
1645
1561
1663
1582
1642
1588
1638
1615
1600
1616
1553
1597
1624
1686
1660
1525
1572
1556
1693
1527
1607
1597
1608
1604
1621
1589
1721
1490
1638
1619
1600
1557
1680
1667
1650
1602
1646
1629
1618
1669
1655
1612
1601
1632
1556
1564
1610
1669
1620
1599
1634
1626
1552
1605
1625
1653
1616
1595
1665
1648
1559
1655
1633
1615
1560
1708
1675
1629
1618
1557
1642
1607
1618
1615
1659
1615
1623
1683
1649
1613
1631
1717
1661
1664
1631
1646
1668
1678
1662
1687
1661
1655
1616
1690
1640
1644
1623
1721
1652
1637
1683
1651
1685
1800
1648
1751
1699
1624
1766
1839
1748
1727
1729
1747
1696
1750
1673
1796
1751
1731
1673
1766
1764
1773
1764
1776
1724
1774
1801
1861
1737
1715
1830
1856
1791
1808
1796
1853
1770
1824
1877
1766
1826
1904
1857
1838
1931
1895
1829
1807
1890
1851
1879
1802
1910
1774
1866
1849
1970
1842
1862
1909
1896
1897
1842
1881
1964
1894
1810
1921
1929
1910
1963
1852
1942
1858
1962
1922
1932
1876
1861
1887
1940
1920
1989
2002
1959
1953
1999
2023
1995
1958
2002
2013
2023
1977
2011
1980
2038
1974
1989
1986
1974
1984
1972
2012
1909
1895
2020
1956
2080
1949
1994
1984
2028
2029
2011
2003
1996
2011
2053
2058
2028
1946
2100
1978
2038
1973
2039
2034
1982
2002
2112
2024
1974
1896
2110
2000
2032
2092
2080
2014
2062
2129
2064
2028
2050
2118
2020
2141
2068
2101
2029
2076
2080
2040
2054
2120
2042
2040
1966
2072
2161
2065
2064
2023
2072
2121
2074
2069
2040
2138
2052
2148
2043
2140
2112
2110
2108
2044
2117
2107
2045
2117
2059
2042
2105
2065
2032
2120
2100
2122
2061
2103
2116
2117
2168
2100
2185
2133
2150
2181
2132
2105
2138
2167
2154
2075
2131
2192
2158
2081
2158
2015
2151
2094
2096
2142
2152
2142
2159
2121
2049
2136
2216
2142
2057
2110
2180
2210
2142
2140
2147
2151
2076
2174
2147
2126
2182
2099
2156
2126
2165
2169
2170
2137
2202
2181
2171
2187
2154
2176
2183
2171
2203
2144
2128
2138
2216
2164
2238
2154
2157
2175
2127
2112
2171
2172
2186
2137
2182
2137
2106
2165
2154
2141
2137
2096
2152
2182
2204
2091
2166
2101
2140
2123
2200
2122
2098
2105
2083
2092
2088
2030
2087
2088
2045
2061
2083
2015
2071
2064
2050
1965
2018
2071
2038
2078
2027
2073
1977
2037
1967
1957
2012
1960
1996
1971
1979
1963
1992
1952
1887
1921
1913
1952
1942
1916
1962
1936
1946
1906
1919
1901
1917
1936
1913
1864
1896
1937
1910
1853
1878
1755
1855
1875
1878
1851
1874
1852
1874
1776
1855
1870
1843
1864
1843
1795
1870
1844
1817
1810
1849
1834
1850
1816
1806
1820
1819
1809
1829
1803
1842
1757
1816
1802
1763
1848
1827
1816
1800
1765
1798
1811
1815
1784
1873
1850
1782
1780
1807
1787
1782
1775
1764
1778
1798
1797
1828
1714
1794
1762
1785
1687
1783
1808
1814
1775
1802
1780
1792
1793
1763
1773
1752
1750
1828
1736
1847
1740
1789
1826
1801
1745
1787
1748
1774
1744
1761
1724
1731
1758
1759
1707
1761
1750
1750
1766
1787
1725
1702
1706
1715
1723
1730
1772
1758
1695
1734
1698
1758
1735
1740
1745
1706
1737
1728
1738
1694
1741
1738
1734
1717
1737
1728
1714
1743
1773
1727
1711
1698
1666
1739
1719
1714
1705
1720
1698
1717
1756
1619
1713
1721
1702
1720
1679
1740
1704
1731
1703
1738
1692
1665
1718
1718
1712
1706
1728
1708
1673
1718
1651
1718
1700
1724
1599
1700
1721
1691
1735
1723
1711
1719
1730
1671
1684
1707
1731
1653
1666
1731
1695
1784
1723
1684
1679
1689
1693
1694
1702
1674
1607
1729
1682
1694
1706
1677
1714
1658
1655
1684
1688
1718
1670
1685
1681
1754
1659
1718
1655
1697
1612
1715
1702
1718
1691
1763
1671
1656
1663
1691
1662
1701
1716
1728
1724
1706
1709
1689
1674
1691
1679
1679
1626
1710
1687
1685
1691
1736
1686
1714
1666
1642
1660
1611
1722
1700
1686
1728
1702
1757
1711
1719
1696
1769
1747
1705
1687
1721
1728
1613
1700
1714
1683
1705
1674
1723
1643
1708
1738
1722
1711
1706
1722
1718
1698
1717
1709
1704
1732
1776
1728
1731
1716
1754
1700
1688
1689
1759
1657
1718
1686
1730
1779
1738
1700
1718
1725
1737
1729
1718
1711
1674
1691
1718
1707
1797
1687
1743
1721
1675
1734
1735
1751
1735
1648
1741
1737
1740
1708
1749
1699
1708
1672
1750
1723
1720
1795
1731
1705
1752
1777
1758
1722
1740
1764
1784
1671
1713
1776
1753
1779
1756
1756
1744
1760
1770
1765
1665
1789
1759
1779
1805
1772
1787
1812
1834
1768
1820
1837
1838
1859
1854
1829
1856
1821
1865
1837
1853
1824
1884
1876
1871
1841
1902
1871
1885
1881
1892
1851
1870
1902
1865
1916
1914
1906
1896
1855
1966
1907
1941
1920
1931
1947
1929
1928
1914
1928
1962
1961
1917
1981
1941
1936
1987
1944
1981
1959
1950
1971
2016
1969
1987
1978
2016
1993
2057
1994
2000
1953
2007
1970
1999
1970
1991
1982
2034
2034
1990
1987
1980
2017
1950
2034
2036
2032
2058
2033
2128
2029
2070
2028
2087
2039
2033
2035
2105
2002
2071
2035
2086
2038
2022
2054
2034
2024
2057
2083
2073
2075
2093
2085
2089
2071
2096
2080
2076
2084
2042
2106
2116
2107
2137
2075
2103
2124
2084
2133
2118
2119
2127
2151
2128
2105
2124
2135
2098
2094
2096
2160
2124
2140
2109
2102
2154
2145
2148
2115
2178
2153
2154
2122
2187
2121
2153
2138
2142
2125
2175
2143
2157
2129
2178
2167
2191
2175
2194
2168
2166
2138
2203
2161
2186
2115
2200
2153
2135
2183
2087
2198
2169
2148
2155
2173
2183
2170
2122
2216
2188
2208
2183
2154
2152
2152
2185
2226
2201
2181
2166
2167
2188
2176
2196
2175
2193
2192
2118
2194
2226
2196
2207
2187
2186
2185
2201
2163
2165
2158
2226
2183
2189
2180
2201
2204
2198
2177
2229
2204
2225
2192
2174
2164
2214
2184
2164
2218
2228
2167
2183
2192
2168
2167
2168
2192
2193
2166
2252
2155
2212
2176
2196
2201
2262
2219
2169
2141
2169
2158
2192
2139
2198
2176
2173
2156
2143
2177
2160
2116
2144
2124
2128
2112
2133
2100
2153
2154
2089
2008
2115
2097
2084
2101
2085
2052
2103
2041
2042
2055
2071
2087
2028
1991
2033
2041
2006
2001
2064
2032
2050
1992
2009
1983
1958
1990
2022
1985
1980
1975
1994
1984
1919
1983
1956
1988
2015
1934
1978
1963
1959
1907
1968
1899
1961
1908
1960
1933
1929
1962
1956
1935
1912
1962
1939
1907
1938
1904
1910
1907
1906
1908
1940
1891
1902
1933
1863
1903
1892
1928
1871
1884
1921
1914
1864
1891
1894
1852
1866
1879
1855
1853
1880
1888
1840
1872
1871
1828
1826
1909
1863
1836
1857
1825
1838
1818
1850
1854
1824
1838
1825
1823
1835
1757
1827
1842
1842
1843
1828
1847
1821
1733
1830
1810
1830
1786
1807
1822
1776
1848
1831
1814
1819
1830
1788
1856
1791
1797
1824
1829
1821
1795
1827
1792
1812
1843
1781
1783
1819
1817
1829
1794
1799
1778
1808
1774
1815
1736
1785
1786
1807
1755
1807
1787
1801
1768
1771
1829
1847
1760
1788
1806
1784
1806
1831
1812
1791
1789
1811
1790
1764
1757
1754
1774
1780
1743
1794
1818
1792
1752
1766
1756
1704
1745
1760
1746
1789
1808
1785
1788
1770
1755
1788
1810
1754
1743
1773
1798
1768
1770
1768
1783
1703
1762
1805
1771
1808
1767
1798
1721
1763
1781
1750
1768
1756
1794
1778
1761
1770
1734
1768
1760
1744
1771
1781
1757
1789
1776
1736
1760
1773
1770
1707
1802
1752
1800
1772
1761
1720
1756
1791
1751
1694
1802
1791
1820
1765
1730
1764
1816
1753
1793
1771
1748
1779
1759
1752
1708
1738
1736
1772
1766
1750
1744
1757
1783
1780
1728
1744
1775
1691
1766
1768
1788
1839
1776
1794
1790
1767
1711
1776
1754
1734
1755
1783
1704
1736
1790
1770
1716
1805
1760
1798
1782
1767
1746
1860
1772
1687
1756
1778
1772
1777
1740
1739
1787
1737
1754
1819
1710
1770
1664
1796
1683
1824
1839
1832
1816
1725
1708
1770
1790
1783
1768
1781
1733
1830
1769
1803
1800
1725
1795
1808
1796
1799
1817
1810
1812
1779
1751
1811
1790
1824
1771
1828
1768
1755
1886
1792
1792
1772
1817
1803
1786
1826
1826
1802
1746
1776
1805
1703
1796
1754
1779
1792
1806
1802
1811
1786
1840
1811
1808
1727
1830
1809
1853
1822
1814
1840
1865
1832
1731
1763
1828
1818
1889
1827
1805
1844
1813
1836
1838
1819
1865
1837
1810
1784
1804
1891
1819
1818
1826
1800
1780
1831
1799
1777
1865
1831
1856
1872
1757
1846
1873
1826
1822
1878
1844
1814
1894
1859
1851
1820
1831
1881
1853
1925
1860
1859
1867
1885
1877
1924
1868
1929
1894
1942
1895
1873
1900
1909
1897
1902
1902
1925
1995
1942
1936
1956
1852
1964
1956
1950
1933
1959
1942
1966
1946
1935
1965
1975
1967
2054
2006
1908
2002
1973
1956
2011
1996
1926
1932
2030
2075
2052
2044
2060
2036
2026
1982
2023
2000
2060
1982
2016
2029
2056
2033
1987
2052
2077
2022
1964
2039
2022
2057
2029
2094
2092
2041
2108
2139
2103
2084
2113
2080
2141
2096
2077
2132
2081
2074
2087
2103
2109
2082
2115
2042
2074
2039
2093
2098
2140
2166
2136
2107
2091
2078
2146
2112
2093
2118
2137
2126
2128
2236
2178
2153
2107
2014
2099
2128
2153
2188
2177
2117
2078
2144
2163
2153
2073
2211
2126
2131
2225
2189
2150
2137
2155
2124
2172
2146
2154
2170
2177
2188
2157
2158
2149
2153
2202
2154
2178
2142
2174
2204
2172
2230
2173
2183
2158
2253
2172
2168
2216
2226
2211
2144
2209
2216
2129
2249
2188
2205
2136
2165
2156
2210
2113
2115
2142
2219
2193
2155
2187
2240
2108
2151
2268
2289
2144
2253
2253
2214
2222
2193
2324
2206
2175
2205
2275
2176
2187
2193
2165
2195
2178
2286
2234
2261
2228
2242
2256
2320
2169
2274
2196
2180
2225
2250
2229
2187
2183
2225
2221
2203
2165
2275
2236
2260
2186
2228
2227
2220
2324
2291
2245
2270
2289
2274
2254
2235
2295
2251
2293
2241
2261
2305
2238
2217
2237
2176
2226
2217
2261
2254
2259
2198
2203
2188
2229
2274
2280
2276
2134
2229
2262
2252
2257
2166
2181
2198
2257
2122
2186
2187
2167
2188
2208
2124
2139
2199
2119
2164
2154
2132
2150
2091
2149
2111
2014
2151
2173
2119
2056
2125
2131
2104
2033
2132
2135
2076
2059
2147
2116
2049
2070
2081
1999
2055
2059
2089
1987
1967
2051
2033
2048
2009
2046
2000
2031
1988
1993
2069
2063
1961
2032
1985
1947
1959
1990
1962
1957
1966
1965
1969
1914
1893
1936
1997
1938
1891
1915
2003
1938
1927
1990
1954
1921
1991
1870
1963
1975
1963
1905
1877
1911
1968
2002
1920
1887
1948
1896
1941
1846
1936
1852
1977
1842
1891
1892
1974
1911
1940
1927
1847
1838
2017
1876
1891
1795
1905
1874
1906
1908
1903
1800
1827
1894
1857
1817
1817
1875
1931
1725
1862
1887
1813
1837
1813
1910
1828
1816
1821
1888
1847
1954
1840
1853
1827
1848
1873
1845
1801
1957
1850
1795
1822
1868
1884
1820
1804
1803
1812
1850
1843
1891
1818
1852
1801
1901
1883
1842
1828
1847
1748
1815
1816
1773
1771
1770
1746
1789
1778
1685
1723
1783
1771
1818
1771
1830
1797
1741
1854
1852
1810
1799
1867
1859
1796
1791
1755
1834
1783
1768
1788
1765
1789
1756
1784
1706
1727
1777
1776
1796
1754
1771
1808
1829
1726
1735
1807
1772
1641
1778
1795
1720
1752
1772
1815
1761
1757
1783
1768
1709
1818
1809
1757
1733
1830
1685
1778
1701
1754
1783
1784
1786
1836
1686
1769
1767
1781
1718
1715
1750
1823
1737
1811
1718
1771
1790
1788
1705
1776
1725
1751
1762
1764
1715
1703
1780
1777
1726
1796
1772
1772
1804
1746
1766
1802
1751
1775
1750
1810
1699
1651
1727
1732
1768
1744
1735
1746
1722
1794
1781
1665
1684
1745
1790
1737
1683
1757
1765
1681
1764
1746
1750
1788
1772
1795
1695
1720
1712
1816
1731
1724
1747
1827
1731
1734
1674
1735
1803
1791
1707
1802
1753
1787
1731
1699
1684
1771
1834
1777
1698
1753
1793
1721
1623
1755
1744
1766
1728
1755
1726
1715
1772
1778
1747
1743
1757
1720
1793
1729
1714
1793
1800
1753
1759
1734
1738
1783
1766
1762
1770
1776
1797
1737
1684
1779
1716
1749
1792
1702
1794
1782
1805
1693
1757
1787
1795
1753
1754
1799
1799
1709
1772
1835
1802
1767
1827
1789
1742
1705
1849
1836
1712
1814
1705
1806
1718
1810
1819
1798
1765
1740
1814
1761
1786
1883
1785
1723
1758
1888
1805
1848
1796
1793
1807
1771
1770
1822
1789
1796
1796
1811
1753
1808
1884
1829
1826
1816
1830
1824
1877
1819
1837
1842
1870
1866
1811
1876
1842
1840
1786
1882
1843
1856
1863
1814
1847
1859
1853
1889
1816
1860
1868
1893
1868
1906
1910
1896
1911
1903
1925
1918
1880
1915
1884
1925
1861
1930
1947
1914
1922
1967
1930
1884
1896
1988
1964
1916
1931
1992
1945
1956
1946
1982
1928
1883
1997
1960
1997
1969
2005
1922
1930
1917
1939
1988
1994
1998
1949
1996
1995
2051
2050
1964
2013
1961
2002
2014
1961
2020
2030
1993
2007
2024
2013
2059
2038
2045
2020
2027
2063
2034
2064
2070
1975
2055
2062
2078
2032
2066
2083
2066
2038
2089
2078
2139
2089
2140
2081
2158
2069
2159
2065
2099
2074
2153
2101
2113
2092
2153
2068
2120
2066
2101
2054
2172
2135
2132
2167
2115
2141
2133
2084
2124
2151
2110
2078
2139
2120
2162
2132
2167
2148
2121
2153
2094
2148
2118
2126
2190
2146
2156
2130
2180
2095
2158
2135
2167
2192
2156
2165
2169
2167
2188
2133
2183
2137
2109
2165
2166
2130
2200
2112
2158
2156
2216
2188
2160
2177
2153
2179
2191
2133
2191
2166
2206
2204
2195
2158
2210
2164
2196
2099
2197
2190
2176
2233
2177
2174
2213
2209
2231
2221
2197
2213
2138
2159
2214
2208
2194
2219
2238
2199
2103
2195
2192
2197
2228
2261
2171
2233
2210
2173
2226
2195
2204
2205
2214
2217
2283
2252
2246
2226
2240
2258
2209
2236
2265
2176
2275
2215
2240
2256
2246
2215
2266
2192
2194
2241
2221
2208
2205
2153
2198
2248
2224
2211
2215
2196
2236
2235
2258
2217
2210
2275
2300
2218
2281
2256
2302
2246
2267
2250
2317
2270
2225
2245
2291
2274
2259
2259
2272
2204
2298
2213
2254
2321
2216
2276
2288
2153
2238
2300
2271
2234
2246
2225
2289
2225
2293
2246
2222
2236
2204
2275
2228
2252
2268
2238
2183
2226
2312
2251
2248
2226
2247
2230
2216
2220
2252
2224
2280
2234
2211
2167
2217
2250
2250
2201
2233
2239
2202
2236
2169
2216
2197
2200
2196
2206
2254
2216
2236
2151
2235
2208
2276
2200
2175
2208
2200
2252
2180
2170
2166
2200
2163
2127
2134
2123
2157
2119
2136
2118
2039
2098
2115
2090
2064
2093
2076
2064
2093
2084
2072
2008
2017
2039
2068
2094
2060
1990
2019
1982
2046
2041
1981
2032
2033
2032
2035
2008
2000
2010
2014
1999
2011
2028
2039
1971
1999
2023
1914
1979
2000
1944
1950
1951
1983
1945
1952
1939
1969
1943
1937
1925
1990
1912
1970
1992
1952
1966
1954
1936
1967
1901
1935
1963
1932
1913
1894
1907
1944
1903
1877
1876
1893
1882
1932
1885
1881
1913
1931
1898
1910
1909
1884
1827
1915
1864
1900
1916
1895
1863
1885
1827
1876
1862
1903
1835
1889
1864
1868
1877
1854
1836
1902
1835
1835
1923
1858
1848
1836
1828
1834
1836
1853
1836
1848
1834
1814
1860
1831
1817
1844
1827
1820
1825
1839
1826
1808
1789
1850
1781
1853
1822
1809
1779
1795
1750
1811
1797
1806
1786
1828
1795
1798
1806
1843
1796
1813
1753
1781
1805
1796
1762
1803
1788
1767
1792
1804
1788
1803
1799
1786
1690
1818
1762
1833
1787
1797
1770
1792
1728
1782
1811
1788
1786
1739
1831
1811
1796
1769
1782
1789
1790
1789
1774
1765
1752
1772
1743
1757
1771
1752
1755
1766
1776
1747
1753
1764
1764
1741
1764
1796
1769
1788
1733
1754
1765
1792
1720
1754
1762
1760
1729
1718
1727
1740
1770
1754
1798
1766
1762
1752
1786
1738
1759
1767
1765
1802
1773
1758
1703
1752
1771
1764
1748
1748
1759
1770
1759
1773
1784
1778
1762
1778
1762
1780
1755
1787
1809
1772
1804
1740
1766
1774
1759
1743
1803
1752
1766
1727
1744
1755
1799
1757
1783
1755
1726
1738
1763
1739
1802
1762
1731
1804
1664
1760
1826
1793
1764
1761
1762
1719
1787
1755
1767
1770
1730
1778
1739
1754
1780
1706
1777
1795
1768
1769
1766
1804
1752
1810
1787
1754
1801
1770
1811
1832
1755
1805
1778
1777
1773
1733
1756
1818
1763
1769
1765
1806
1788
1722
1696
1754
1774
1766
1801
1800
1770
1822
1780
1847
1782
1810
1832
1833
1744
1765
1815
1828
1780
1816
1775
1785
1792
1797
1804
1856
1731
1803
1775
1807
1808
1815
1792
1805
1876
1845
1837
1837
1877
1856
1828
1846
1818
1836
1905
1862
1811
1846
1915
1864
1846
1846
1843
1881
1874
1904
1858
1836
1882
1919
1854
1860
1879
1898
2003
1890
1888
1898
1920
1940
1955
1945
1948
1947
1911
1957
1923
1861
1923
2000
1945
1890
1929
1992
2018
2004
1918
1961
1979
1992
2015
1947
1993
1952
2023
1987
2013
2000
1992
1981
1962
1984
2004
2022
1994
2004
2051
1980
2055
1988
2054
2016
1980
1975
1997
2056
2047
2013
2060
1994
2072
1977
2035
2091
2076
2102
2058
2018
2028
1992
2096
2113
2021
2060
2095
1997
2091
2076
2115
2072
2007
2167
2116
2124
2041
2160
2085
2068
2099
2084
2103
2060
2080
2129
2037
2090
2170
2073
2069
2126
2000
2104
2100
2072
2108
2130
2139
2103
2170
2143
2144
2180
2111
2070
2136
2169
2160
2110
2140
2095
2123
2120
2184
2105
2100
2193
2104
2136
2113
2150
2146
2181
2111
2139
2213
2158
2187
2143
2132
2202
2197
2151
2133
2191
2167
2178
2150
2105
2138
2101
2187
2137
2181
2230
2156
2177
2152
2132
2196
2137
2162
2182
2224
2194
2266
2186
2242
2246
2180
2184
2201
2202
2190
2162
2235
2154
2205
2228
2223
2192
2181
2198
2225
2252
2206
2245
2215
2186
2226
2260
2170
2173
2241
2188
2250
2216
2290
2252
2178
2221
2162
2218
2222
2202
2178
2188
2150
2234
2235
2165
2207
2163
2244
2245
2213
2226
2246
2185
2243
2197
2271
2228
2226
2215
2130
2187
2164
2212
2165
2187
2136
2186
2208
2173
2094
2179
2211
2135
2128
2199
2193
2214
2176
2202
2117
2142
2123
2132
2132
2103
2124
2170
2057
2056
2168
2080
2098
2091
2027
2068
2008
2018
2075
2059
2180
2039
2079
2063
2014
2024
2045
2009
2016
2065
2029
1962
1987
1887
1968
1947
2018
1936
1957
1967
1993
2023
2012
1946
1966
2001
1893
2009
2052
1965
1888
1932
1982
1932
1950
1931
1937
1928
1896
1916
1909
1912
1899
1933
1957
1890
1842
1998
1873
1883
1931
1844
1921
1940
1907
1904
1872
1906
1952
1917
1971
1959
1882
1861
1950
1868
1783
1888
1951
1878
1862
1834
1876
1814
1858
1845
1897
1770
1834
1951
1870
1817
1883
1884
1862
1794
1856
1851
1881
1832
1941
1783
1779
1819
1850
1860
1812
1832
1851
1838
1847
1832
1914
1864
1849
1805
1873
1873
1846
1905
1840
1820
1826
1821
1834
1764
1780
1733
1846
1745
1771
1800
1767
1787
1764
1815
1795
1796
1765
1800
1862
1811
1822
1813
1869
1824
1824
1771
1816
1815
1818
1725
1716
1759
1805
1872
1816
1722
1803
1775
1741
1749
1816
1782
1816
1768
1848
1812
1890
1753
1870
1778
1787
1758
1836
1781
1761
1751
1838
1796
1759
1835
1822
1737
1810
1842
1764
1780
1780
1860
1790
1763
1814
1840
1744
1772
1816
1827
1822
1756
1815
1794
1817
1788
1806
1768
1725
1802
1775
1777
1765
1767
1801
1757
1772
1769
1814
1750
1766
1761
1785
1794
1808
1800
1804
1767
1777
1789
1875
1821
1793
1744
1816
1803
1744
1797
1789
1756
1786
1776
1775
1707
1745
1780
1788
1685
1822
1818
1790
1713
1822
1791
1803
1744
1802
1803
1718
1785
1740
1797
1797
1787
1672
1803
1698
1758
1857
1799
1790
1784
1846
1843
1784
1798
1839
1820
1760
1800
1843
1867
1760
1830
1812
1718
1775
1804
1831
1764
1816
1785
1804
1744
1801
1786
1812
1765
1782
1793
1810
1792
1820
1781
1796
1764
1854
1783
1834
1813
1811
1774
1781
1811
1810
1844
1857
1796
1807
1748
1872
1775
1850
1793
1754
1829
1846
1780
1894
1778
1844
1836
1756
1819
1814
1817
1850
1876
1841
1794
1840
1854
1851
1780
1788
1851
1804
1824
1800
1897
1833
1818
1868
1853
1842
1866
1849
1879
1916
1882
1882
1912
1730
1879
1898
1847
1872
1880
1907
1898
1728
1871
1894
1910
1835
1855
1934
1915
1918
1943
1922
1924
1933
2018
1937
1946
1954
1958
1986
1951
1908
1998
1955
1998
1971
1957
1926
1941
1961
1989
1869
1992
1952
1960
1957
1990
1967
1999
2021
1940
1974
2003
2031
1992
2004
2058
1987
2017
2041
2050
2050
2014
1987
2032
2068
1997
2059
2084
2074
2042
2024
2061
2082
2000
2101
2032
2070
2026
2144
2085
2080
2005
2092
2050
2067
2092
2104
2035
2039
2078
2090
2038
2095
2076
2085
2083
2124
2094
2153
2093
2128
2083
2113
2080
2132
2088
2033
2095
2132
2109
2134
2112
2120
2104
2100
2106
2124
2096
2157
