Starting data capturing
Starting data capturing
Channel 0 Data:
0
0
0
0
0
0
0
0
0
0
0
0
0
0
0
0
0
0
0
0
0
0
0
0
0
0
0
0
0
0
0
0
0
0
0
0
0
0
0
0
0
0
0
0
0
0
0
0
0
0
0
0
0
0
0
0
0
0
0
0
0
0
0
0
0
0
0
0
0
0
0
0
0
0
0
0
0
0
0
0
0
0
0
0
0
0
0
0
0
0
0
0
0
0
0
0
0
0
0
0
0
0
0
0
0
0
0
0
0
0
0
0
0
0
0
0
0
0
0
0
0
0
0
0
0
0
0
0
0
0
0
0
0
0
0
0
0
0
0
0
0
0
0
0
0
0
0
0
0
0
0
0
0
0
0
0
0
0
0
0
0
0
0
0
0
0
0
0
0
0
0
0
0
0
0
0
0
0
0
0
0
0
0
0
0
0
0
0
0
0
0
0
0
0
0
0
0
0
0
0
0
0
0
0
0
0
0
0
0
0
0
0
0
0
0
0
0
0
0
0
0
0
0
0
0
0
0
0
0
0
0
0
0
0
0
0
0
0
0
0
0
0
0
0
0
0
0
0
0
0
0
0
0
0
0
0
0
0
0
0
0
0
0
0
0
0
0
0
0
0
0
0
0
0
0
0
0
0
0
0
0
0
0
0
0
0
0
0
0
0
0
0
0
0
0
0
0
0
0
0
0
0
0
0
0
0
0
0
0
0
0
0
0
0
0
0
0
0
0
0
0
0
0
0
0
0
0
0
0
0
0
0
0
0
0
0
0
0
0
0
0
0
0
0
0
0
0
0
0
0
0
0
0
0
0
0
0
0
0
0
0
0
0
0
0
0
0
0
0
0
0
0
0
0
0
0
0
0
0
0
0
0
0
0
0
0
0
0
0
0
0
0
0
0
0
0
0
0
0
0
0
0
0
0
0
0
0
0
0
0
0
0
0
0
0
0
0
0
0
0
0
0
0
0
0
0
0
0
0
0
0
0
0
0
0
0
0
0
0
0
0
0
0
0
0
0
0
0
0
0
0
0
0
0
0
0
0
0
0
0
0
0
0
0
0
0
0
0
0
0
0
0
0
0
0
0
0
0
0
0
0
0
0
0
0
0
0
0
0
0
0
0
0
0
0
0
0
0
0
0
0
0
0
0
0
0
0
0
0
0
0
0
0
0
0
0
0
0
0
0
0
0
0
0
0
0
0
0
0
0
0
0
0
0
0
0
0
0
0
0
0
0
0
0
0
0
0
0
0
0
0
0
0
0
0
0
0
0
0
0
0
0
0
0
0
0
0
0
0
0
0
0
0
0
0
0
0
0
0
0
0
0
0
0
0
0
0
0
21
0
41
0
0
0
0
0
0
0
0
0
0
0
0
0
0
0
0
0
0
0
0
0
0
0
0
0
0
0
0
0
0
0
0
0
0
0
0
0
0
0
0
0
84
96
145
170
107
132
189
220
184
215
281
265
323
284
286
278
333
337
396
372
326
449
431
416
446
479
396
426
426
469
543
548
503
480
464
525
509
531
572
591
485
536
555
566
539
560
545
525
568
504
570
573
557
546
597
539
555
470
531
569
586
500
550
559
560
534
530
607
535
568
521
536
548
580
500
579
600
587
579
606
605
609
574
579
594
568
559
539
567
541
578
585
607
532
586
595
573
572
626
591
628
602
625
586
603
597
638
638
664
667
643
649
648
690
672
724
654
658
654
726
673
711
732
724
646
650
730
739
660
691
695
700
662
648
714
645
616
619
606
618
563
627
614
583
612
615
579
644
598
568
588
566
532
506
503
502
536
475
496
461
535
444
459
474
448
457
394
436
454
435
370
366
430
431
345
383
408
397
305
371
327
397
304
316
351
329
330
314
391
372
298
261
324
349
359
296
318
349
290
297
343
360
324
294
320
325
307
261
339
341
315
342
302
304
287
250
274
314
302
301
255
288
317
290
256
256
265
326
265
262
319
297
259
264
252
263
256
250
256
217
316
311
314
247
337
330
330
361
379
434
474
505
507
512
563
587
599
606
645
724
738
699
760
818
770
755
783
846
811
817
792
769
827
794
748
795
792
825
762
768
773
745
786
773
796
753
749
730
787
783
731
795
805
719
753
710
762
770
718
754
760
782
730
726
730
762
760
765
744
730
744
739
728
771
735
714
716
709
724
752
701
701
725
744
718
719
736
723
679
706
699
724
690
714
713
686
660
727
699
713
720
827
821
833
876
887
853
855
799
836
781
843
857
849
839
887
881
807
812
847
809
817
784
846
795
795
761
799
762
821
726
787
738
777
740
709
692
736
644
702
691
672
629
702
636
597
560
648
594
567
512
535
482
467
495
498
470
521
462
446
410
454
380
436
395
374
374
395
324
354
319
351
283
306
296
268
274
315
259
218
206
258
235
216
190
237
171
184
120
125
108
99
86
23
58
0
0
58
12
0
0
0
0
0
0
0
0
0
0
0
0
0
0
0
0
0
0
0
0
0
0
0
0
0
0
0
0
0
0
0
0
0
0
0
0
0
0
0
0
0
0
0
0
0
0
0
0
0
0
0
0
0
0
0
0
0
0
0
0
0
0
0
0
0
0
0
0
0
0
0
0
0
0
0
0
0
0
0
0
0
0
0
0
0
0
0
0
0
0
0
0
0
0
0
0
0
0
0
0
0
0
0
0
0
0
0
0
0
0
0
0
0
0
0
0
0
0
0
0
0
0
0
0
0
0
0
0
0
0
0
0
0
0
0
0
91
132
153
244
225
263
346
416
406
494
413
479
520
538
565
557
597
654
745
761
683
749
714
750
745
874
850
813
891
872
855
947
908
908
927
930
913
869
951
983
982
985
943
987
910
960
953
952
974
975
894
937
941
889
929
892
940
895
885
906
940
797
778
784
762
761
763
785
714
733
663
667
739
665
735
712
699
691
632
651
688
655
656
570
646
629
679
645
698
590
662
629
627
656
591
597
577
591
568
560
539
533
594
486
564
520
539
523
555
499
497
501
490
533
552
551
517
508
538
557
535
483
495
535
512
469
539
527
447
481
527
466
487
512
466
534
418
480
503
398
388
370
431
405
458
444
427
422
449
378
417
471
409
400
432
460
497
396
372
438
453
408
397
417
434
451
434
468
445
476
415
474
497
442
468
466
488
512
488
457
477
474
378
483
466
377
492
417
441
490
417
454
506
476
384
428
393
384
432
409
446
329
354
373
302
328
413
371
355
320
372
298
342
336
383
383
351
330
378
353
357
397
389
330
376
336
411
373
301
308
365
355
392
384
386
437
410
342
434
392
419
410
353
407
372
381
349
374
418
378
403
333
386
366
322
310
353
309
310
373
333
317
339
291
362
319
332
331
288
315
343
299
388
340
376
308
339
338
308
383
380
377
302
289
349
292
307
274
323
352
289
317
252
302
256
294
266
290
322
272
306
302
295
240
294
313
292
268
234
306
282
223
182
226
203
202
238
258
171
217
150
222
244
246
171
220
206
178
174
177
227
213
150
216
192
184
187
261
211
190
206
243
299
266
222
288
281
234
255
259
234
253
267
228
146
225
211
144
206
139
156
132
122
108
123
136
187
209
329
374
402
431
460
448
454
503
469
460
509
545
584
619
530
528
657
610
587
593
558
564
597
599
561
575
588
524
589
538
574
608
531
571
596
615
519
537
574
548
504
515
475
531
457
515
519
465
503
455
514
513
571
658
630
623
655
648
709
643
620
690
704
672
670
656
661
660
632
687
656
676
633
612
627
614
599
528
531
546
554
508
465
462
509
443
466
420
386
285
343
387
295
284
261
185
207
173
113
128
87
121
55
37
0
0
0
0
0
0
0
0
0
0
0
0
0
0
0
0
0
0
0
0
0
0
0
0
0
0
0
0
0
0
0
0
0
0
0
0
0
0
0
0
0
0
0
0
0
0
0
0
0
0
0
0
0
0
0
0
0
0
0
0
0
0
0
0
0
0
0
0
0
0
0
0
0
0
0
0
0
0
0
0
0
0
0
0
0
0
0
0
0
0
0
0
0
0
0
0
0
0
0
0
0
0
0
0
0
0
0
0
0
0
0
0
0
0
0
0
0
0
0
0
0
0
0
0
0
0
0
0
0
0
0
0
0
0
0
0
0
0
0
0
0
0
0
0
0
0
0
0
0
0
0
0
0
0
0
0
0
0
0
0
0
0
0
0
0
0
0
0
0
0
0
0
0
0
0
0
0
0
0
0
0
0
0
0
0
0
0
0
0
0
0
0
0
0
0
0
0
0
0
0
0
0
0
0
0
0
0
0
0
0
0
0
0
0
0
0
0
0
0
0
0
0
0
0
0
0
0
0
0
0
0
0
0
0
0
0
0
0
0
0
0
0
0
0
0
0
0
0
0
0
0
0
0
0
0
0
0
0
0
0
0
0
0
0
0
0
0
0
0
0
0
0
0
0
0
0
0
0
0
0
0
0
0
0
0
0
0
0
0
0
0
0
0
0
0
0
0
0
0
0
0
0
0
0
0
0
0
0
0
0
0
0
0
0
0
0
0
0
0
0
0
0
0
0
0
0
0
0
0
0
0
0
0
0
0
0
0
0
0
0
0
0
0
0
0
0
0
0
0
0
0
0
0
0
0
0
0
0
0
0
0
0
0
0
0
0
0
0
0
0
0
0
0
0
0
0
0
0
0
0
0
0
0
0
0
0
0
0
0
0
0
0
0
0
0
0
0
0
0
0
0
0
0
0
0
0
0
0
0
0
0
0
0
0
0
0
0
0
0
0
0
0
0
0
0
0
0
0
0
0
0
0
0
0
0
0
0
0
0
0
0
0
0
0
0
0
0
0
0
0
0
0
0
0
0
0
20
139
145
149
254
267
355
325
301
363
319
403
393
494
469
475
543
578
569
591
635
571
676
667
631
618
716
693
761
734
784
805
797
775
780
839
837
809
856
800
826
800
821
774
856
875
858
799
841
875
798
878
814
847
867
794
823
843
827
871
872
829
838
800
842
868
750
805
797
788
757
712
824
832
792
777
746
788
747
724
755
718
753
740
761
792
778
691
687
651
715
724
671
743
710
651
675
717
704
782
715
727
761
687
715
700
677
672
646
754
656
670
717
702
681
683
629
699
670
656
714
758
719
737
746
617
700
692
658
646
726
648
617
638
650
646
652
595
582
548
611
556
574
495
523
572
589
521
553
544
533
540
548
550
524
506
488
502
423
457
514
431
428
447
502
430
455
445
514
460
445
463
430
431
484
423
438
452
436
549
480
421
423
429
464
393
512
407
438
445
431
396
460
387
382
416
399
400
365
428
357
359
394
400
328
374
407
425
349
353
380
412
326
337
327
360
314
321
384
357
388
348
380
323
373
288
299
334
356
307
383
281
368
319
353
356
353
278
330
285
311
338
320
330
291
318
300
320
304
327
273
283
321
364
272
277
308
310
288
261
329
325
320
265
306
302
353
420
442
499
487
464
523
587
592
633
593
670
685
687
733
740
783
720
768
773
828
831
894
863
903
902
839
859
862
804
800
854
871
871
784
776
849
773
819
831
814
793
747
762
757
761
719
736
715
732
684
741
777
754
697
695
712
729
751
674
664
701
700
719
716
684
710
658
685
649
723
653
625
644
623
618
638
598
609
520
551
552
569
557
557
561
594
535
555
542
559
486
512
468
465
496
519
576
652
707
677
689
654
679
659
619
620
642
648
616
590
616
632
592
563
582
591
569
599
525
522
480
537
524
544
458
554
506
463
476
447
485
427
417
396
404
342
390
344
382
387
293
298
313
249
311
323
263
242
249
232
189
219
193
199
124
155
150
168
118
166
135
128
90
122
121
129
51
25
50
57
60
42
56
47
13
0
0
13
0
0
0
0
0
0
0
0
0
0
0
0
0
0
0
0
0
0
0
0
0
0
0
0
0
0
0
0
0
0
0
0
0
0
0
0
0
0
0
0
0
0
0
0
0
0
0
0
0
0
0
0
0
0
0
0
0
0
0
0
0
0
0
0
0
0
0
0
0
0
0
0
0
0
0
0
0
0
0
0
0
0
0
0
0
0
0
0
0
0
0
0
0
0
0
0
0
0
0
0
0
0
0
0
0
0
0
0
0
0
0
0
0
0
0
0
0
0
0
0
0
0
0
0
0
0
0
0
0
0
0
0
0
0
0
0
0
0
0
0
0
0
0
0
0
0
0
0
0
0
0
0
0
0
0
0
0
0
0
0
0
0
0
0
0
0
0
0
0
0
0
0
0
0
0
0
0
0
0
0
0
0
0
0
0
0
0
0
0
0
0
0
0
0
0
0
0
0
0
0
0
0
0
0
0
0
0
0
0
0
0
0
0
0
0
0
0
0
0
0
0
0
0
0
0
0
0
0
0
0
0
0
0
0
0
0
0
0
0
0
0
0
0
0
0
0
0
0
0
0
0
0
0
0
0
0
0
0
0
0
0
0
0
0
0
0
0
0
0
0
0
0
0
0
0
0
0
0
0
0
0
0
0
0
0
0
0
0
0
0
0
0
0
0
0
0
0
0
0
0
0
0
0
0
0
0
0
0
0
0
0
0
0
0
0
0
0
0
0
0
0
0
0
0
0
0
0
0
0
0
0
0
0
0
0
0
0
0
0
0
0
0
0
0
0
0
0
0
0
0
0
0
0
0
0
0
0
0
0
0
0
0
0
0
0
0
0
0
0
0
0
0
0
0
0
0
0
0
0
0
0
0
0
0
0
0
0
0
0
0
0
0
0
0
0
0
0
0
0
0
0
0
0
0
0
0
0
0
0
0
56
48
106
89
199
251
245
245
285
375
329
302
375
435
443
415
470
433
525
537
548
532
602
594
574
616
648
643
619
641
725
640
675
644
711
747
696
659
743
754
683
703
758
770
720
728
727
733
782
698
748
745
729
755
756
743
761
747
749
740
860
803
798
895
847
873
914
870
918
864
875
842
916
888
805
819
873
839
787
775
775
858
842
797
808
767
811
800
794
805
798
817
781
839
735
783
776
796
771
754
755
846
789
754
753
812
783
757
715
725
738
689
724
745
732
692
671
658
728
670
663
714
682
635
659
644
635
623
553
568
602
579
512
551
527
577
542
529
540
529
477
512
502
549
487
490
534
570
493
494
518
465
515
432
533
444
501
449
481
512
460
455
430
441
441
469
468
472
489
405
454
398
446
429
408
476
430
396
388
493
422
429
426
455
406
454
447
424
452
491
474
450
414
454
427
456
450
391
413
386
381
427
419
402
411
413
443
398
346
357
421
345
368
372
403
321
357
283
325
353
353
304
362
359
370
339
290
311
341
343
344
335
295
319
395
427
431
400
393
371
426
405
468
414
440
461
485
447
491
461
475
461
466
506
580
545
560
604
643
654
674
684
691
680
718
777
788
828
789
793
840
813
890
811
776
841
852
902
800
873
912
871
820
864
842
805
900
872
849
864
837
808
859
811
791
808
800
823
784
775
809
748
776
704
821
763
755
746
669
693
707
645
625
656
681
603
656
642
615
599
625
578
588
578
554
581
589
519
530
515
527
501
516
462
470
455
497
475
464
457
371
428
450
423
424
395
411
368
437
386
398
382
407
356
324
355
384
328
343
303
295
280
328
263
279
240
286
272
290
240
280
243
244
242
200
223
234
235
248
212
201
254
226
179
169
188
220
163
162
154
155
112
166
134
107
151
128
139
158
132
163
138
146
111
137
115
139
91
120
135
137
127
125
183
268
261
277
309
356
302
330
272
294
279
283
291
259
262
261
291
225
265
254
256
243
217
177
177
202
187
176
141
187
175
160
109
133
137
145
88
125
101
103
77
84
74
75
28
53
34
43
0
48
2
0
0
0
0
0
0
0
0
0
0
0
0
0
0
0
0
0
0
0
0
0
0
0
0
0
0
0
0
0
0
0
0
0
0
0
0
0
0
0
0
0
0
0
0
0
0
0
0
0
0
0
0
0
0
0
0
0
0
0
0
0
0
0
0
0
0
0
0
0
0
0
0
0
0
0
0
0
0
0
0
0
0
0
0
0
0
0
0
0
0
0
0
0
0
0
0
0
0
0
0
0
0
0
0
0
0
0
0
0
0
0
0
0
0
0
0
0
0
0
0
0
0
0
0
0
0
0
0
0
0
0
0
0
0
0
0
0
0
0
0
0
0
0
0
0
0
0
0
0
0
0
0
0
0
0
0
0
0
0
0
0
0
0
0
0
0
0
0
0
0
0
0
0
0
0
0
0
0
0
0
0
0
0
0
0
0
0
0
0
0
0
0
0
0
0
0
0
0
0
0
0
0
0
0
0
0
0
0
0
0
0
0
0
0
0
0
0
0
0
0
0
0
0
0
0
0
0
0
0
0
0
0
0
0
0
0
0
0
0
0
0
0
0
0
0
0
0
0
0
0
0
0
0
0
0
0
0
0
0
0
0
0
0
30
110
134
181
172
215
267
357
314
396
387
487
435
491
473
498
522
538
554
535
528
501
447
459
361
441
430
414
415
376
418
387
380
308
308
287
321
322
251
253
352
319
241
279
318
385
256
338
317
311
271
319
297
351
380
364
386
363
402
428
417
347
406
280
305
360
330
266
284
298
315
306
310
303
288
323
270
246
356
279
301
295
327
323
354
276
296
269
240
235
265
224
218
126
116
95
120
165
296
370
454
433
515
533
548
485
613
621
603
625
624
704
704
666
648
738
776
707
680
740
723
736
741
689
727
748
694
676
706
706
668
723
762
749
724
730
733
706
683
647
686
672
659
643
687
684
705
705
642
655
661
650
719
643
719
664
656
651
653
595
644
627
639
659
630
656
683
644
701
627
676
665
644
649
651
683
617
611
663
657
564
629
637
624
590
597
624
627
561
523
560
497
466
516
477
471
452
426
425
425
392
422
451
407
455
359
389
392
378
370
405
439
391
350
396
475
457
420
447
460
468
465
446
432
430
472
460
434
445
433
413
423
436
398
450
438
442
426
425
423
419
420
480
478
479
511
519
535
563
467
452
434
411
439
509
401
461
381
447
411
413
372
411
341
331
370
432
344
360
368
365
382
325
377
361
370
389
400
412
411
386
365
443
416
483
465
422
464
441
403
430
445
399
390
390
447
386
414
423
413
452
431
457
389
407
386
445
367
379
372
439
380
395
309
353
361
331
309
300
355
320
370
344
354
336
370
349
372
385
355
358
370
395
349
291
326
317
341
327
325
283
277
252
290
283
306
237
257
248
268
295
232
279
253
240
198
200
251
284
226
243
257
214
209
198
244
223
199
204
208
175
205
208
194
196
221
222
319
383
415
439
433
531
546
620
620
668
698
706
758
786
808
770
777
863
812
821
824
900
895
878
896
921
900
916
882
906
901
896
851
895
873
874
868
855
812
828
790
815
794
818
767
734
803
819
718
784
755
736
734
690
745
771
695
629
700
743
674
624
681
674
655
683
618
635
668
670
611
622
630
614
530
526
535
510
488
566
529
530
475
550
488
495
473
461
507
488
477
486
505
498
443
445
483
487
465
419
466
562
612
543
652
673
674
709
650
676
673
673
658
656
649
659
634
652
623
622
556
683
591
605
525
556
538
493
481
495
488
480
510
432
456
484
410
461
456
447
438
380
419
453
392
387
354
344
361
353
366
424
335
297
274
288
282
241
241
243
241
225
192
197
218
150
69
105
169
96
163
128
126
8
0
69
28
58
0
0
0
0
0
0
0
0
0
0
0
0
0
0
0
0
0
0
0
0
0
0
0
0
0
0
0
0
0
0
0
0
0
0
0
0
0
0
0
0
0
0
0
0
0
0
0
0
0
0
0
0
0
0
0
0
0
0
0
0
0
0
0
0
0
0
0
0
0
0
0
0
0
0
0
0
0
0
0
0
0
0
0
0
0
0
0
0
0
0
0
0
0
0
0
0
0
0
0
0
0
0
0
0
0
0
0
0
0
0
0
0
0
0
0
0
0
0
0
0
0
0
0
0
0
0
0
0
0
0
0
0
0
0
0
0
0
0
0
0
0
0
0
0
0
0
0
0
0
0
0
0
0
0
0
0
0
0
0
0
0
0
0
0
0
0
0
0
0
0
0
0
0
0
0
0
0
0
0
0
34
58
76
34
71
96
154
15
0
68
74
58
21
126
63
74
46
78
75
44
87
32
63
72
0
49
0
20
0
13
0
0
0
0
0
0
0
0
0
0
0
0
0
0
0
0
0
0
Channel 1 Data:
1408
1531
2118
923
1174
979
1805
1007
1140
774
1819
1034
1257
1305
1317
938
1391
536
1012
1163
1670
1089
1099
712
1065
1364
1027
1582
1431
967
1482
724
1101
918
1466
1218
1282
940
1199
1498
1218
1209
1469
613
1405
921
1272
1178
1662
985
1127
836
1093
1249
1351
985
943
871
1076
833
1259
921
1874
1509
772
991
1336
1158
716
952
904
1000
935
660
1068
1375
1944
1010
1029
895
1312
1161
836
1314
2130
1207
603
947
2040
953
2045
1226
706
864
779
1114
1453
1264
1743
1305
576
1021
1664
1280
1207
1250
986
1015
1167
1568
1721
994
870
1222
1432
892
1012
1127
865
1116
1133
1246
1060
798
1735
1418
1488
1251
954
1113
1725
1357
1216
1206
682
1264
1379
1016
1342
847
1020
1195
1169
884
972
1104
955
1305
1202
816
1593
845
1360
1335
1371
1146
1136
1106
1651
1191
1366
1160
1307
1226
1383
1226
1415
1143
1197
1227
917
808
1430
1432
1367
761
1473
874
1120
878
1365
1145
1012
1048
1190
1182
1243
1121
1426
777
1139
1329
1201
738
749
820
1768
937
2020
1546
1470
1216
1486
640
2248
1056
2336
1062
479
1109
1523
1365
2262
1068
1380
1260
1388
980
1571
1213
2093
940
1428
1323
1484
1400
2069
849
1948
662
1527
1278
1326
1007
1740
1378
1304
1091
1546
967
1178
1135
1108
1253
1557
1096
1861
1141
1479
1243
1673
844
1949
1433
1734
1163
1287
1223
1627
1825
1774
1256
2003
1220
1136
1236
1708
1342
2882
1065
1796
1138
2238
1325
1395
865
1061
1659
1267
1155
1851
769
2068
1127
801
1238
1716
1109
1440
969
1688
1347
1014
1311
1239
748
975
2078
888
2049
1226
1102
1212
1895
1098
1438
955
1522
1661
1625
2608
664
1150
1448
1551
1204
1742
1041
1393
1367
1777
2113
1510
1038
2038
1314
1680
1503
1316
1870
862
1564
688
1565
1320
1071
1787
621
1547
1167
1919
1692
1607
596
1468
1653
1386
1176
797
1686
2596
1199
2320
627
2515
187
1680
1648
1562
491
1559
1697
1806
1342
1564
1669
1947
1279
2934
1857
2506
446
1798
1515
891
937
1814
1455
2065
948
1207
830
2444
2327
1085
1455
1718
1271
733
1215
1668
1724
2084
1160
817
620
2579
1402
503
798
435
2197
1341
1284
31
1753
1783
1271
1108
1474
1479
548
1271
1339
1520
2073
1910
2214
1231
2102
867
1924
1532
434
1468
1207
2316
1386
2005
1438
1319
1413
623
1067
1493
1172
914
1421
1516
1551
2165
1456
1058
931
1617
1906
717
1057
887
2629
884
1155
1256
1715
1480
1316
1584
725
1724
1690
721
1656
1785
1835
1044
1812
975
220
2145
1471
929
1689
1566
714
1214
1297
1168
1437
1442
1849
1500
1835
1767
122
950
1686
2080
2509
1044
1256
1071
1207
1472
1967
1183
565
1970
1797
1722
725
1788
1323
833
1451
1774
1399
804
1493
1093
1092
1848
1808
1346
321
1878
1363
1527
1645
1137
1232
1392
1172
1202
1275
1591
1011
700
1322
1024
1228
875
1228
1262
1311
1225
1810
986
920
946
859
863
1257
1850
927
1696
1375
1631
1599
998
1677
1182
1905
1519
1423
1560
449
1169
894
1129
1489
1431
1453
973
897
977
1090
607
1588
283
1300
1455
750
1400
1836
1341
1428
638
1627
1896
654
766
632
1532
833
1146
1141
1206
563
1426
1229
1906
718
1056
1400
1230
756
1305
1324
1207
1000
1168
1383
812
1435
1326
1809
1598
1910
1687
730
463
59
1238
1957
924
651
875
1236
809
1630
1721
1396
1210
785
692
1718
1044
1805
1330
1185
1245
1030
1598
1000
1146
1256
1077
641
844
1832
1047
306
1456
1550
1968
1152
624
1075
1231
865
1622
1143
556
1517
1283
1608
1103
1401
643
550
1302
814
1839
1777
1621
1095
255
1163
1013
1057
1662
1491
220
1053
1099
1659
938
1085
466
869
1106
506
817
1393
1072
1184
1548
385
534
368
1068
1201
1098
692
1012
1298
641
894
791
1428
1152
996
893
898
1164
1008
305
1368
1568
1332
1117
883
734
1009
675
1664
1091
1487
944
851
895
1275
796
1324
1392
960
1103
1625
1078
807
1740
659
1552
1289
1515
1138
784
1286
757
1377
1072
1234
820
1486
1000
848
1075
1100
525
409
131
1274
551
626
937
1188
366
488
1199
1915
720
973
891
918
1200
871
1037
370
802
1219
1101
1205
297
1162
1770
802
724
1091
650
1460
883
926
982
615
507
832
996
623
1092
610
1422
749
1448
675
695
752
540
1245
919
994
966
1477
932
1301
1135
1898
808
1544
1167
1284
696
1206
817
1218
793
709
957
903
794
766
1970
1265
802
284
1341
1506
1138
984
826
1240
880
1275
1230
1753
1008
1123
809
620
850
1044
1070
1492
753
1638
1075
1020
795
720
869
1186
829
1382
563
1201
1291
1504
952
1081
960
1717
940
863
1404
1062
1048
813
896
1490
979
1186
1067
447
1573
1022
1149
226
953
1256
946
1070
974
1824
1092
1282
1032
766
1055
1337
1276
1412
1007
1465
1406
978
1293
1825
926
346
1064
1646
1261
1529
928
762
1183
1265
1056
1197
1192
974
1152
1146
955
1260
864
1362
1429
1464
1117
886
1230
1390
765
1562
1660
955
1045
1357
1333
1370
1220
1640
1148
1685
1184
1936
1149
1747
1391
1969
1585
1265
1378
1684
1448
1714
1338
1165
1623
1383
1306
1573
1009
1256
1284
1633
1392
1507
1681
1475
1334
1341
1334
1229
1525
1423
1386
1401
1283
2046
1022
1810
1382
1882
1923
1368
1454
2107
1404
1504
1088
2073
1280
1601
1237
1813
1351
1774
1600
1684
1248
1755
1110
1965
1559
1885
1292
1919
1372
1867
1430
2558
1337
2218
1550
2339
1429
1946
1427
2333
1441
1795
1781
1915
1304
2580
1780
1594
1420
2822
1843
1811
1324
2282
1154
1739
1741
2717
1387
2456
1715
2009
1046
2198
967
2237
1726
1736
1462
2775
1554
2026
1409
2872
1520
2105
1510
1390
1810
2500
1884
1466
1665
2565
2324
2146
1695
2048
1714
1972
1420
1784
1242
1945
1331
1229
1575
1107
1647
2006
1585
1587
1263
1855
1876
2322
1499
2213
2069
2200
1646
2395
1758
2807
1222
2248
1682
2262
1556
1836
1857
2583
1755
1545
2052
1454
1679
1984
1634
2153
1556
2542
1571
1817
1432
1646
1534
1304
1641
2156
1562
2516
1377
1780
1790
2616
2859
2501
312
2364
916
1792
1394
2133
2365
2512
1006
1624
1993
2008
2066
2926
2135
1631
1062
1728
2919
3090
1972
2500
1556
2549
1010
2666
1386
1985
1032
1236
2195
1927
2073
1770
1397
1719
1597
1299
2357
1630
1616
2924
1863
2118
2628
2822
1683
2111
1710
1800
1732
2270
1053
524
2225
958
2344
1467
2392
1962
2204
2147
866
2181
2294
2770
3064
2439
2327
2988
2072
1942
2142
2280
2120
2750
2024
1771
1964
2899
1725
1869
1581
2388
1901
1599
2114
2062
821
1335
1656
1228
1739
1307
1378
1814
2892
1865
2279
725
1018
1557
1054
1079
824
1108
928
1948
2152
1016
1572
1064
1208
1440
2209
1450
1002
2216
1820
1077
2284
1802
1845
2252
1281
2058
656
1596
1444
1747
1842
1719
2002
761
1903
1439
1126
1898
1824
972
1709
1934
1879
2024
785
2045
1305
1356
1507
2344
1380
1860
1723
1417
1642
1898
2124
1474
1198
1050
653
2290
434
2112
2143
1718
1482
1468
1694
2029
1470
1947
665
914
1149
2290
1469
2395
1183
1730
1129
1434
1781
1505
1527
1091
1660
1289
1341
1250
1330
1741
981
1856
1102
1452
1561
2000
1131
1191
1489
1268
1362
1664
1886
1018
1257
826
1825
1649
1215
1108
1451
1475
785
1630
1321
431
1047
1709
1338
1147
1562
1195
1824
1465
1741
2052
347
1111
545
1188
1417
1410
1708
1674
1893
1694
947
881
1288
782
1150
1292
1466
1956
971
1483
1267
1514
1046
539
1010
1223
1381
1687
1792
741
1215
1026
1524
1642
1036
932
1179
999
1682
1514
1370
1321
1288
662
1715
1688
68
1834
1290
1050
1487
688
1321
1730
1432
913
1385
1159
1051
734
1238
1878
0
1154
1287
678
1058
1639
1466
1449
911
1513
1056
875
1106
1755
1645
1224
549
1275
1002
1716
1873
1521
1197
1470
999
1980
1014
891
571
1311
1095
1707
1684
1263
1839
1783
692
1095
916
1356
1326
751
1191
1310
1065
571
712
1996
1181
1758
820
1108
1495
996
896
1464
1527
1215
1857
1397
1494
1374
1024
1579
1179
1805
1005
1009
1170
1277
637
1207
1213
1664
940
1604
488
455
1805
1496
1658
1121
901
1872
577
1387
1078
1267
1580
1289
1529
910
1459
1372
1936
797
1118
1168
1199
866
955
832
795
1540
1868
1416
1072
900
1837
1490
866
615
1212
869
958
1539
1729
293
1191
1224
703
1415
1635
990
1386
1086
926
746
653
1635
1030
596
1240
846
890
941
1480
1077
501
619
1268
1164
1335
1016
1507
991
847
963
1241
1086
1207
1773
1204
483
1796
1328
969
1635
994
744
1393
751
766
885
1153
1386
619
1111
1708
1216
686
1180
1151
675
1222
678
448
1120
1373
1190
1578
994
874
2088
1581
992
1094
626
1064
1544
1525
1619
1222
1888
775
1449
827
1130
1430
937
1323
1457
2223
1078
1526
1778
1938
1248
1420
167
1602
622
1427
1629
1243
1092
1205
1633
1258
1099
2091
1520
1243
1800
1574
1817
1684
1021
1198
1522
1301
1288
1638
722
1393
1173
2108
1256
1671
1504
1608
1478
1442
1517
1041
755
1441
1462
1146
1163
1243
1668
1418
1667
2010
1334
810
1320
2275
1531
1482
1704
1176
1623
1588
1270
2131
1366
1880
1315
1000
1642
1460
1594
1422
1431
2079
1347
1293
1993
2501
1770
1803
1665
1581
1254
668
1530
1246
1448
1426
1228
1058
1996
1864
1398
1426
1436
2013
1206
1846
1303
1362
1648
1733
1750
1494
1259
1342
1195
1744
1001
1335
1600
1859
1553
1555
1212
2500
1337
1327
1536
1890
1564
2354
1747
1452
1513
1730
1683
1228
1374
1633
1591
1163
1644
1594
2079
1643
1360
2238
1669
1564
1488
1223
1136
1589
1730
1976
1941
2501
1773
1623
1493
747
1910
2643
1670
2308
1739
2062
1707
1871
1859
1853
1834
1579
716
1830
1464
1273
1843
1625
1450
1774
2307
1368
1722
1992
1427
1389
1179
1572
2047
1611
1679
1760
1580
2108
1303
1833
1538
1164
2018
1670
1712
1389
1835
2218
1881
2145
1431
1625
1870
1856
1867
1626
1792
1510
1733
1962
1310
1764
1288
1842
1749
1815
1372
1873
1456
1611
1761
1774
1189
1938
1936
1293
1458
2107
1974
2125
913
2612
1792
2292
1409
2227
1909
2581
1589
2716
2165
2241
1631
1830
2182
1836
1298
1162
1656
2026
1959
2421
1984
1679
1607
2158
2520
1895
1661
2714
1482
1523
1810
3097
1341
1879
1716
2369
1562
1689
1868
1732
1498
2304
1863
2562
1489
1973
1911
2430
1653
1292
1321
2187
1663
2343
1758
2422
1798
2560
1719
1379
1728
2010
1637
2578
1485
2712
1712
2602
1304
2682
1576
2548
1795
2055
1968
2017
1186
1727
1609
2240
1802
2250
1264
2736
1324
2756
1558
2176
1756
1713
1491
2167
2006
1866
1741
1228
1580
1020
1192
2624
1778
1136
1697
2029
1797
1900
1824
2023
2214
2352
2522
1729
1684
2261
2868
2205
1958
1913
2517
2484
1081
1327
1419
2234
2229
1026
1839
1817
2197
1593
1645
3022
1563
1255
2383
1293
2412
2140
2457
1920
1575
1259
1540
1928
1904
2058
2674
1386
698
889
1324
770
1607
1608
1758
2189
642
1409
1450
2241
1761
1630
1967
1624
1715
1449
2879
1301
2080
2864
1602
1463
1845
2144
1550
2282
1921
1955
2560
1165
2047
2695
1227
1252
2040
2698
1892
1531
1570
2042
1660
1381
2044
1893
1761
2168
1596
1093
828
2066
2133
1408
520
1992
374
1616
1269
1016
1864
2283
1103
1361
1728
1808
1170
2396
1131
512
1410
2044
1489
2037
1578
701
1236
1853
1631
2399
1114
1734
1188
1117
1843
1141
1169
1217
909
2994
1953
1851
1268
1674
1344
1721
1484
1637
1556
1262
1140
1651
1565
1144
1354
702
2385
1549
1235
2025
1647
2130
1656
1609
2039
1896
923
2066
1549
1984
2444
1486
2255
2432
1962
1603
1827
983
855
1586
1808
537
1439
2256
1769
1232
1054
1671
2076
1988
902
1948
1687
1354
1051
1134
1353
1934
1301
1110
2075
1579
2080
1180
1254
1514
736
826
902
1642
1135
793
1552
1721
1243
1417
1485
924
1459
1330
1038
1269
1968
864
1815
1433
1734
1894
1323
1188
1568
1832
1449
1363
2368
1055
1438
1486
1340
762
1819
1100
1896
1370
1402
1886
958
1582
1337
1806
1755
999
1507
853
1285
1778
1973
1135
2060
1247
1646
2010
948
1017
1329
1050
762
788
1548
2018
1219
1849
1144
1445
1121
1228
1241
979
1122
1288
1896
1624
1684
802
676
624
1379
1513
871
1299
1052
1063
1231
1378
1466
2001
1331
1584
1271
1153
1684
1142
797
823
1086
2000
979
1031
1732
1697
1419
1197
1282
1593
1227
1172
1545
2317
1391
1846
1198
488
1687
831
871
776
2036
1173
1208
1082
1935
1355
1679
1237
942
958
1508
1613
1331
548
701
1412
1477
778
1125
1518
1159
1455
1315
1624
1459
1385
1240
869
879
814
1598
691
1004
1329
1620
1019
1148
983
2045
1145
1654
1288
763
997
1691
1563
1145
1504
1168
2005
1495
1323
919
1165
1368
845
1996
1049
1324
1075
1151
1106
1623
827
759
894
1383
1457
726
1178
1156
1020
1438
1144
738
1136
1190
1964
1111
915
1444
2066
1210
1062
844
1201
873
1024
1981
1458
1742
1394
1720
1442
1507
951
759
1440
1579
1160
2120
926
1643
1408
1460
1674
1554
1100
1815
727
954
1494
1424
1497
670
1805
1609
1262
1681
1082
1330
1396
1618
1435
1052
787
1434
1324
1320
895
1283
1508
1323
1097
1280
952
1080
1479
1456
1169
1546
1169
1294
1607
1486
1815
1346
1576
1519
1486
1630
1308
2023
1277
1107
761
1275
1352
1794
831
1595
1945
1245
1266
1018
997
1203
1711
1589
1414
991
1173
1825
755
1747
1747
1703
1009
1246
1461
1239
1252
1764
1491
748
1106
1531
1362
1813
1478
1326
1337
2028
1387
1708
1281
1038
1152
1210
2078
1555
1184
1652
1287
1973
1250
2374
1726
1526
2046
1364
1460
1701
1395
1644
978
1557
1252
1333
809
1528
1396
1805
1389
1665
1655
2239
1213
1988
1378
1239
1356
1486
1075
1668
1972
1700
1694
1659
1989
1650
1571
1246
1674
1689
1521
1191
2011
1988
2068
1157
1074
1203
980
1802
1377
1516
1283
2137
1701
2187
1072
2052
1791
1079
1933
1571
1750
1586
1371
1192
1721
1199
1648
1483
1936
2127
1081
1744
1422
1477
1839
2898
1768
1738
2085
1994
1625
2022
1608
2228
1405
1701
1381
2487
1562
2550
1861
1995
1324
1783
1826
2312
1620
1440
1683
1813
2098
1788
1685
1786
1933
1899
1726
1481
1755
2116
1623
1186
1553
2539
1786
1596
1723
1627
1600
1973
1560
1826
1338
1989
1740
2004
1508
2034
1828
1738
1772
1965
1501
1627
1624
1976
1552
1632
1560
2261
1777
2128
1623
1600
1761
1625
1635
2119
1770
1836
1667
2358
1599
1686
1568
2152
1714
1820
1894
1558
1955
1541
1686
1803
1529
2133
1751
1906
1679
1940
1585
2088
1430
1335
1620
1984
1787
1549
1535
1900
1753
1764
1551
1772
2061
1880
2144
2336
2196
2016
1833
1839
1675
2098
1322
1868
1669
1777
2424
1755
1857
1782
2071
1802
1676
1998
1503
2427
1636
1763
1890
2421
1639
2121
1871
1431
1633
1847
1713
1643
1400
1714
1697
2582
1956
1826
1961
2147
1559
1445
2055
2795
2227
2316
1444
2313
1946
859
2002
2360
2160
1219
1464
1920
1701
2554
1450
1497
1689
2034
1596
2788
1707
1424
1836
2472
1525
2546
2144
1893
1627
2818
1839
2490
2108
1652
2253
2140
2036
2216
1852
2149
1802
2350
2066
1644
1691
1971
1639
1671
2078
1229
1615
1585
1554
1489
1959
1984
1772
2423
1735
2347
1559
2560
2040
2003
1684
2067
1828
2647
1513
2087
1843
1570
1548
2199
2268
1329
1861
1349
1871
1490
2084
2362
1809
1510
1888
2446
1788
1100
1606
2191
1249
2550
1559
2393
1821
2018
1255
1534
1571
2713
2000
2374
1447
1557
1837
2291
1194
2075
2071
2326
1895
2360
1847
2849
1619
2278
1047
2839
2395
2394
1987
1908
1226
1485
2682
2249
1236
1819
2322
2140
1326
2027
1531
2219
1166
2176
1523
1578
1306
2425
2010
1552
1171
2046
1305
1600
1639
2431
1475
2085
2023
1476
1683
1941
1865
1278
1744
1886
1693
684
1523
2173
1548
872
870
1437
1427
2077
281
1863
2100
2250
2003
1824
1966
1268
2258
1571
1058
1554
2379
1803
1637
987
1588
2000
1800
1255
1862
1928
1611
1494
1302
1688
1477
1787
2019
1826
970
1384
2006
2304
1467
1646
1963
2304
1122
759
1526
2377
1534
535
1093
2011
2123
1724
1074
1368
502
1866
1787
2405
1836
1649
1878
2181
1432
1162
2206
1548
697
1621
2171
1605
1544
726
2217
1489
1270
1288
2016
1085
1275
1813
1204
1882
1704
2140
1497
1240
1257
2200
1618
802
1758
1570
1760
1660
1880
1840
638
2178
1896
1204
1410
1571
797
2205
1554
1527
1573
1146
1251
1366
2000
1012
1185
1566
1194
1510
1162
1675
1355
2196
1320
1210
1517
1298
1249
1168
1582
1553
1195
1308
1247
2160
1126
926
1743
1755
1571
1244
1270
916
1241
1560
1737
1040
1390
1184
1098
1227
1565
1245
1240
835
1918
499
1394
1274
1410
1626
1357
959
1930
1658
1280
1074
1764
1395
1473
1250
1458
1253
1371
1043
1373
1246
1242
1564
1107
661
1879
1191
1310
523
1959
1666
1080
1801
1078
1341
1927
886
1554
1054
1784
1174
1815
1587
879
1098
1384
1467
1232
1118
1238
1884
1904
1428
1327
851
1967
1476
1121
1687
1297
1744
1135
2062
1036
1459
1044
1232
1104
1337
780
2240
1442
1163
1358
1632
1242
1709
1081
1212
1103
1078
1511
1525
1486
1028
1138
951
2004
1681
1304
1254
1382
1196
1588
1264
1416
939
820
1187
1276
956
1184
1226
1356
1426
1264
1327
744
1297
1028
1309
1017
1326
1098
744
1431
1261
1174
1403
1492
1150
1405
766
1658
1133
1675
1157
1543
1588
1483
1369
1149
1258
1371
1722
1476
1878
1572
796
1725
794
1268
1201
1803
1812
1335
1215
646
1823
855
1225
1922
1801
986
1134
1351
1165
1444
1390
1734
858
965
1309
1288
1687
1666
794
1146
1079
753
1372
1055
1258
1303
998
1647
1260
747
1009
2001
1031
1472
1198
1940
1156
1198
420
1124
1507
1858
909
1403
1299
2248
1392
746
1292
1789
1280
1364
1172
1300
1307
1616
1790
1505
1424
1312
893
1580
1426
1936
944
1113
1204
1482
765
1396
563
1123
955
1153
1179
1717
768
919
800
1361
996
1172
1551
1061
748
1618
1854
1291
1605
980
776
1593
1390
2050
1393
980
1502
1519
1622
532
1260
1672
1495
1106
1300
1774
1196
2180
1538
1382
1527
1733
1297
1674
1211
1277
1255
1617
1708
997
1369
1944
1355
1637
1189
2576
1931
1698
1882
1364
1272
1411
1418
1250
1531
1883
1390
1679
1634
1512
1358
1714
1242
1770
1616
1792
1897
1778
1175
1886
1694
1757
1435
2693
1331
1537
1430
2429
1828
1633
1793
1260
1620
1636
1473
1871
927
1757
1367
2305
1537
1413
1357
2144
1663
1434
1520
2314
1643
1696
1441
1258
1618
2280
1578
1920
1547
1700
1567
1666
1691
1961
1552
1674
1604
1658
1597
1966
1719
2001
1630
1375
2036
2260
1560
1639
1693
2166
1483
1640
1300
1733
1141
1801
1702
1546
1516
1385
1365
1662
1484
1928
1708
1645
1518
1824
1597
1991
1614
1909
1658
1552
1735
1668
1505
1910
1528
1606
1632
2011
1986
2233
1600
1979
1662
1929
1939
1513
1695
2005
1832
1425
1840
1965
1809
2261
1702
1960
1762
1793
1764
2298
1385
1881
1912
2174
1216
2207
1854
2372
1678
2155
1685
1920
1690
1956
1697
2386
1452
2098
1401
2006
1670
2195
1847
1255
1661
1687
1638
2523
1466
1451
1293
2351
1431
656
1972
2308
1315
2395
1739
2069
2270
2606
1654
1855
1893
1356
1753
2613
1415
1837
1961
2400
1682
1987
1835
1585
1831
1800
1778
2235
1854
2311
1928
2252
1760
1760
2078
1959
1812
1908
1844
1780
1522
2452
1770
2506
1874
2348
1632
2616
2061
1746
1570
2318
2049
2448
2008
2590
1568
2336
2016
1725
1725
1949
1611
2179
1367
2180
2194
2141
1964
2249
2688
2563
989
2171
1989
2097
1179
2372
1951
1337
1614
1625
2132
1524
1821
2550
2026
2295
1653
2987
2364
1946
2519
2752
2677
2374
1580
2202
2181
1355
1827
2115
1583
1300
1430
1997
1181
1251
1310
2349
2316
2042
1644
2419
2689
1734
2051
3152
2461
2146
2107
2402
1788
2516
1181
2516
1409
2244
725
1874
1133
1521
2613
1850
1204
2199
2097
2381
1855
1376
2251
2497
1536
1580
1947
2864
1483
3332
2290
1099
2272
2204
2156
2460
1967
2503
2450
1923
2255
1478
1192
2307
1561
2071
2588
2318
1676
2174
1614
2635
2016
1740
1793
1910
1691
1505
1231
2044
2120
2762
1476
1905
1587
1573
2630
1580
1269
1162
2421
2240
2191
2420
2821
1455
2533
2450
2346
2265
2499
1785
1819
2941
1895
1735
1389
2270
1968
1935
1896
1724
1543
1198
1722
2496
1973
1312
1164
1592
2142
1283
1875
1738
943
2188
1454
1893
1404
2584
2448
1908
1876
2000
2043
1984
1278
1450
1577
1212
1254
1285
2474
1726
1222
2151
2466
1399
2431
2500
1876
1482
1326
2865
1778
1254
1971
2191
1568
1419
1506
1307
1187
2156
1028
2189
1076
2040
1453
2300
1134
1270
1617
1718
2084
2057
2196
1958
1635
2219
872
1861
1489
1778
1574
1522
1660
1773
1800
1239
1523
1543
1484
1849
1468
1145
1607
2176
1153
1399
1585
2205
843
2194
1646
1382
759
1561
1067
2068
1398
1711
1416
1232
1721
1820
1762
1000
2094
1378
1192
1694
1556
833
1183
1723
1233
1889
1505
1324
1892
1849
1125
1269
2208
1514
2020
1787
2052
1609
2198
1408
1344
1219
991
1066
1406
1257
1798
951
1064
1012
1069
1913
1576
1915
1692
1332
1798
1261
1607
775
1382
1688
1520
1253
1180
1715
2075
1528
998
2011
1996
1120
1326
1555
1354
2029
1509
1027
1087
1446
1676
868
1325
958
1330
1733
1808
1518
1963
1536
1463
1348
1319
1013
1598
1206
1337
882
1157
1355
1572
1365
999
1159
1707
953
2012
852
1725
1626
931
1447
1316
772
1686
1225
1181
1498
1626
1266
1817
1289
1736
1137
1682
1479
1310
1181
1210
1754
1505
958
1769
1509
633
1135
1419
1851
1341
866
1443
1568
1626
774
1552
892
919
1455
1102
1465
1029
1145
1386
855
716
1250
1381
859
1682
836
963
880
927
968
1158
1322
1256
655
955
1303
1647
1072
1634
1576
1764
1430
1692
950
1383
1742
1618
1365
1269
1182
877
944
1106
919
1670
1507
1196
1191
1772
1140
1123
982
1581
1460
1351
1642
1109
1322
1450
892
1114
1110
959
1149
2116
914
1937
694
1889
1063
1384
905
1530
1090
882
1320
1813
996
918
1399
1085
1268
1013
1649
1613
946
1341
1339
1698
1430
1204
782
1327
912
1207
1220
1186
1445
1639
1217
1432
1298
1162
846
1018
1156
1158
1163
1482
1191
1863
1358
2163
1291
698
1298
1799
1028
1291
1305
2107
1357
1543
1018
1461
1267
1666
1473
907
1482
1012
1631
865
1201
1152
1369
1073
1254
1772
1212
1283
1207
1838
1261
934
1162
1384
1278
1401
1248
1324
1130
918
1159
959
1356
1236
1147
1353
1352
1609
1187
1579
1469
1868
978
1292
1320
2024
1202
1147
1574
1490
1204
1540
1330
1746
1482
1484
1603
1157
1271
1412
1234
1314
1416
1394
1434
1483
1436
1577
1046
1469
820
1737
1090
1373
1303
1468
1355
1158
1414
1596
940
1746
1163
1362
978
1608
1316
1373
1253
1902
1307
1636
1574
1650
1350
1574
1341
1528
1523
1635
1639
1734
1100
1739
1512
1613
1607
1729
1329
1373
1591
2354
1743
2256
1165
1558
1478
1359
1836
2232
1879
1120
1756
2513
1586
1643
1636
1819
1421
2060
1280
1443
1700
2206
1680
1407
1570
2218
1326
1778
1165
1456
1502
2270
1753
1728
1292
2164
1549
1344
1457
1202
1483
1753
1532
1445
1216
1688
1528
1367
1557
1554
1590
1257
1626
2059
2204
1013
1663
1478
1659
2547
1859
2002
2030
2272
1630
1834
1675
2137
1687
2140
2037
1964
1269
3194
1781
2145
1654
1510
1834
1514
1595
1756
1449
1609
1676
1280
1339
1982
1281
2084
1429
1431
1986
1219
1508
2284
1753
1544
1392
1470
1670
2011
1540
3009
2138
1926
1842
1940
2017
1990
1840
2247
1751
2437
1638
2275
1814
1866
571
1419
2070
1946
2607
2411
2370
1471
1174
2329
1629
2562
2336
1838
1962
1704
1299
2686
2748
1401
1687
2085
2406
1664
1762
1813
1578
2261
1991
2204
1335
2416
2450
2043
1783
2161
2628
2368
1549
2050
1702
1873
1471
2232
1010
2115
1871
2288
2427
2075
1775
2508
1499
2500
1345
2610
2192
2176
1821
2624
1204
1786
1831
1615
2711
2861
2097
2177
1995
2092
1578
2023
2421
2026
2107
1687
1060
1864
2084
2270
1852
1544
1716
2459
2227
1704
1498
2537
1450
1958
1961
1835
1946
2353
2093
2186
1339
1397
430
2149
1603
1825
2176
1907
1803
2532
2424
2262
1757
2681
2654
2027
1493
2576
2208
2996
1550
1736
1709
1332
1630
1468
2302
1592
1510
1598
2096
2304
1340
1668
2023
2238
766
2066
1518
2362
2618
2508
2646
2085
1886
1913
2364
1787
1968
1710
1517
1296
2011
3107
1622
1430
2551
1264
1731
1643
1325
2724
1562
2007
1865
2322
3236
2072
2000
1544
1160
2127
2013
1938
1314
1936
1697
2267
1700
2527
1527
1683
1648
2515
1046
1564
1588
2437
2038
1664
1594
1934
1533
1472
2092
1851
2622
2270
2263
1826
1506
1423
2550
1190
749
1808
1544
1586
813
1979
1272
1490
1292
1998
2263
1659
1697
1322
1840
1882
1689
2122
1991
1667
1534
2278
1856
1475
1844
1699
2278
2317
2185
1405
2381
2283
1562
1782
1298
1935
976
1193
2369
1658
