Starting data capturing
Starting data capturing
Channel 0 Data:
0
0
0
0
0
0
0
0
0
0
0
0
0
0
0
0
0
0
0
0
0
0
0
0
0
0
0
0
0
0
0
0
0
0
0
0
0
0
0
0
0
0
0
0
0
0
0
0
0
0
0
0
0
0
0
0
0
0
0
0
0
0
0
0
0
0
0
0
0
0
0
0
18
52
73
109
104
101
83
131
107
138
138
154
146
159
152
215
214
209
220
226
267
261
245
250
275
247
242
251
245
261
240
239
257
248
248
239
277
250
274
249
240
272
257
249
277
261
275
237
229
239
234
209
193
191
183
182
139
147
155
135
120
137
114
106
84
85
100
84
83
78
64
88
47
51
24
37
37
19
15
1
0
0
0
0
0
0
0
0
0
0
0
0
0
0
0
0
0
0
0
0
0
0
0
0
0
0
0
0
0
0
0
0
0
0
0
0
0
0
0
0
0
0
0
0
5
0
0
0
0
0
0
0
0
0
0
0
6
0
0
0
0
0
6
15
0
2
5
0
10
10
17
10
0
2
0
0
0
0
0
0
0
0
0
25
0
0
0
0
0
0
0
0
0
0
0
0
0
0
0
0
0
0
0
0
0
0
0
0
0
0
0
0
0
0
0
0
0
0
0
0
0
0
0
0
0
0
0
0
0
0
0
0
0
0
0
0
0
0
0
0
0
0
0
0
0
0
0
0
0
0
0
0
0
0
0
0
0
0
0
0
0
0
0
0
0
0
0
0
0
0
0
0
0
0
0
0
0
0
0
0
0
0
0
0
0
0
0
0
0
0
0
0
0
0
0
0
0
0
0
0
0
0
0
0
0
0
0
0
0
0
0
0
0
0
0
0
0
0
0
0
0
0
0
0
0
0
0
0
0
0
0
0
0
0
0
0
0
0
0
0
0
0
0
0
0
0
0
0
0
0
0
0
0
0
0
0
0
0
0
0
0
0
0
0
0
0
0
0
0
0
0
0
0
0
0
0
0
0
0
0
0
0
0
0
0
0
0
0
0
0
0
0
0
0
0
0
2
65
84
125
150
175
238
264
291
349
419
487
598
669
787
854
962
1053
1194
1284
1353
1479
1572
1611
1713
1737
1811
1856
1884
1922
1974
1971
2030
2022
2067
2042
2068
2084
2102
2144
2144
2165
2179
2218
2242
2279
2263
2292
2304
2340
2355
2356
2377
2389
2379
2423
2440
2437
2441
2446
2474
2489
2469
2479
2492
2526
2501
2512
2545
2518
2541
2517
2521
2534
2551
2502
2521
2520
2518
2494
2510
2501
2498
2517
2498
2477
2472
2464
2479
2430
2425
2447
2404
2439
2422
2404
2376
2395
2406
2404
2359
2411
2392
2398
2368
2378
2385
2378
2379
2372
2395
2377
2378
2378
2396
2421
2386
2409
2416
2424
2406
2405
2422
2399
2383
2346
2395
2401
2376
2352
2392
2358
2398
2376
2386
2369
2383
2355
2340
2372
2373
2347
2358
2364
2359
2327
2324
2310
2336
2328
2320
2305
2326
2324
2326
2325
2324
2291
2304
2320
2298
2306
2304
2298
2312
2305
2300
2309
2319
2306
2327
2300
2341
2310
2294
2277
2322
2305
2312
2290
2304
2290
2284
2288
2281
2304
2271
2266
2288
2295
2304
2278
2264
2280
2278
2293
2262
2278
2290
2295
2263
2285
2290
2298
2273
2283
2291
2273
2256
2256
2252
2238
2256
2263
2250
2259
2239
2199
2236
2234
2224
2186
2205
2240
2209
2267
2257
2251
2236
2225
2248
2240
2228
2246
2240
2232
2272
2284
2267
2273
2262
2286
2258
2269
2278
2297
2290
2276
2291
2300
2286
2311
2279
2283
2270
2283
2300
2267
2243
2266
2246
2263
2248
2242
2236
2275
2250
2232
2237
2220
2240
2240
2262
2200
2237
2228
2231
2204
2201
2216
2224
2213
2184
2168
2196
2180
2195
2178
2167
2196
2176
2163
2152
2174
2172
2151
2176
2183
2146
2184
2160
2168
2176
2131
2171
2152
2178
2162
2113
2162
2146
2150
2159
2144
2152
2141
2160
2146
2132
2130
2144
2098
2121
2128
2141
2121
2117
2112
2133
2115
2121
2130
2097
2104
2119
2130
2138
2100
2122
2121
2137
2123
2121
2135
2093
2112
2123
2115
2101
2106
2094
2096
2104
2108
2120
2089
2104
2128
2085
2103
2113
2093
2089
2107
2113
2109
2071
2101
2104
2114
2089
2092
2073
2101
2091
2113
2084
2102
2086
2079
2080
2124
2112
2110
2121
2168
2164
2161
2181
2211
2230
2247
2231
2259
2281
2313
2316
2374
2366
2369
2395
2442
2441
2457
2439
2496
2498
2510
2520
2556
2612
2653
2715
2784
2818
2841
2867
2883
2934
2944
2961
2992
2997
3019
3034
3060
3085
3091
3148
3141
3177
3194
3205
3208
3231
3228
3268
3227
3280
3289
3305
3325
3341
3356
3347
3368
3334
3338
3334
3373
3330
3342
3357
3384
3355
3372
3394
3398
3411
3370
3364
3366
3372
3384
3402
3413
3412
3436
3456
3443
3444
3454
3487
3434
3463
3424
3423
3437
3390
3429
3438
3435
3421
3424
3431
3420
3408
3401
3415
3401
3393
3352
3350
3354
3357
3368
3348
3334
3331
3297
3309
3292
3282
3239
3269
3247
3206
3176
3159
3138
3135
3136
3095
3085
3058
3045
3033
3022
2995
2970
2922
2941
2917
2920
2878
2880
2842
2877
2849
2829
2808
2806
2795
2750
2730
2749
2732
2699
2707
2700
2665
2644
2656
2647
2654
2603
2627
2604
2594
2596
2570
2573
2525
2518
2497
2506
2459
2467
2465
2446
2435
2418
2394
2360
2374
2349
2294
2329
2299
2297
2245
2260
2240
2219
2212
2192
2170
2155
2145
2100
2137
2097
2060
2062
2031
2042
2016
1985
1956
1929
1927
1891
1866
1839
1807
1816
1766
1790
1753
1773
1722
1708
1700
1703
1678
1674
1664
1633
1638
1646
1595
1605
1621
1588
1592
1577
1552
1567
1552
1556
1507
1545
1533
1524
1493
1500
1505
1502
1495
1504
1488
1484
1482
1443
1453
1432
1399
1407
1394
1395
1387
1364
1407
1364
1372
1331
1351
1353
1342
1305
1333
1309
1323
1283
1286
1283
1270
1260
1247
1267
1241
1248
1240
1233
1231
1226
1226
1193
1192
1188
1190
1192
1174
1168
1165
1155
1152
1153
1138
1155
1144
1141
1152
1133
1087
1123
1081
1110
1094
1096
1080
1094
1056
1073
1078
1067
1114
1094
1126
1140
1165
1190
1235
1243
1280
1344
1386
1419
1490
1516
1546
1579
1634
1666
1707
1725
1750
1762
1743
1746
1748
1750
1738
1751
1748
1755
1798
1806
1768
1812
1780
1819
1820
1813
1817
1787
1837
1818
1807
1804
1794
1783
1785
1778
1754
1726
1743
1769
1767
1745
1750
1755
1770
1778
1786
1807
1810
1803
1777
1787
1788
1776
1738
1744
1787
1862
1913
1952
1953
1972
1975
2011
2007
2032
2016
2070
2058
2080
2104
2107
2115
2173
2133
2166
2189
2195
2203
2208
2233
2220
2236
2259
2309
2310
2331
2329
2375
2365
2422
2387
2416
2441
2444
2439
2487
2480
2477
2450
2500
2520
2508
2507
2519
2528
2502
2515
2523
2538
2541
2531
2546
2546
2519
2532
2522
2519
2544
2511
2493
2528
2498
2498
2491
2522
2515
2501
2506
2502
2495
2492
2462
2476
2482
2473
2468
2464
2473
2472
2493
2466
2478
2463
2472
2464
2466
2499
2478
2463
2501
2475
2500
2488
2470
2480
2477
2502
2474
2494
2492
2481
2453
2484
2466
2500
2437
2453
2473
2449
2441
2458
2431
2443
2462
2462
2460
2458
2438
2449
2455
2469
2458
2465
2471
2466
2474
2461
2483
2474
2468
2468
2454
2485
2468
2469
2486
2490
2477
2457
2489
2480
2492
2517
2506
2492
2522
2536
2528
2528
2525
2515
2516
2526
2554
2537
2553
2533
2557
2543
2544
2546
2548
2525
2494
2538
2562
2508
2534
2532
2517
2535
2520
2506
2504
2479
2487
2497
2473
2446
2442
2445
2464
2436
2444
2432
2440
2415
2438
2383
2400
2422
2417
2375
2379
2386
2371
2358
2339
2338
2361
2331
2359
2323
2313
2331
2315
2302
2327
2308
2280
2285
2297
2306
2316
2299
2305
2291
2263
2306
2279
2291
2281
2290
2276
2278
2246
2290
2286
2278
2256
2276
2271
2277
2244
2249
2274
2275
2265
2249
2258
2265
2278
2248
2242
2244
2248
2274
2267
2258
2268
2243
2245
2256
2276
2265
2264
2257
2264
2267
2250
2265
2270
2267
2241
2248
2258
2264
2247
2251
2269
2243
2247
2272
2263
2247
2254
2251
2273
2267
2265
2275
2285
2284
2268
2266
2309
2305
2318
2362
2352
2375
2352
2326
2361
2388
2388
2383
2421
2433
2426
2412
2422
2433
2458
2464
2453
2445
2512
2530
2582
2602
2617
2647
2634
2687
2662
2675
2678
2735
2742
2755
2787
2804
2870
2910
2979
3000
3041
3051
3092
3042
3075
3070
3092
3147
3136
3184
3173
3184
3212
3230
3270
3229
3259
3290
3315
3307
3336
3322
3341
3327
3360
3405
3403
3396
3420
3424
3451
3451
3464
3466
3459
3483
3492
3476
3472
3489
3450
3485
3463
3453
3443
3472
3495
3505
3517
3542
3571
3565
3591
3559
3590
3594
3580
3591
3609
3610
3595
3611
3633
3628
3613
3640
3624
3658
3634
3657
3645
3647
3666
3665
3682
3678
3657
3660
3662
3644
3649
3664
3665
3633
3659
3658
3642
3618
3659
3647
3603
3635
3626
3612
3596
3600
3612
3585
3607
3580
3598
3576
3570
3583
3563
3582
3578
3560
3566
3541
3534
3518
3534
3524
3526
3514
3497
3532
3505
3471
3498
3530
3506
3503
3493
3505
3480
3486
3496
3452
3450
3436
3431
3435
3420
3400
3413
3386
3405
3382
3353
3365
3365
3354
3317
3333
3344
3312
3274
3305
3286
3264
3266
3281
3269
3267
3228
3224
3201
3176
3187
3150
3159
3144
3130
3085
3102
3079
3080
3042
3033
3047
3022
2977
2980
2955
2951
2960
2912
2918
2886
2876
2871
2860
2836
2833
2833
2801
2796
2777
2761
2760
2757
2722
2720
2720
2698
2715
2666
2667
2644
2631
2608
2611
2584
2579
2540
2553
2552
2526
2528
2491
2493
2490
2452
2444
2437
2406
2398
2386
2365
2352
2333
2304
2335
2302
2283
2283
2261
2270
2256
2226
2205
2226
2195
2185
2195
2136
2147
2088
2125
2088
2077
2058
2034
2052
2021
2011
1981
1994
1956
1959
1913
1943
1925
1891
1872
1849
1871
1846
1834
1805
1796
1808
1758
1753
1751
1726
1740
1710
1699
1658
1666
1639
1640
1629
1612
1600
1597
1598
1617
1600
1612
1614
1620
1662
1703
1748
1788
1840
1835
1882
1917
1970
1997
2030
2054
2065
2102
2125
2181
2192
2191
2261
2291
2305
2286
2359
2386
2373
2416
2441
2436
2440
2482
2492
2542
2567
2574
2626
2616
2645
2666
2711
2696
2744
2745
2725
2744
2770
2768
2781
2752
2767
2767
2756
2756
2774
2748
2758
2734
2750
2762
2738
2744
2753
2751
2749
2717
2754
2729
2762
2713
2746
2758
2725
2698
2724
2734
2764
2741
2750
2768
2754
2742
2730
2705
2720
2712
2724
2695
2702
2718
2685
2673
2683
2700
2665
2648
2647
2635
2615
2658
2603
2633
2618
2601
2611
2618
2600
2582
2596
2584
2606
2574
2548
2570
2574
2576
2567
2560
2543
2529
2537
2550
2527
2504
2533
2520
2526
2518
2508
2535
2498
2486
2491
2477
2492
2503
2464
2481
2463
2439
2460
2448
2424
2432
2449
2454
2432
2458
2412
2416
2427
2411
2415
2408
2439
2408
2424
2419
2432
2416
2429
2442
2420
2431
2421
2392
2420
2432
2441
2408
2403
2422
2432
2403
2426
2398
2419
2424
2415
2389
2389
2400
2409
2388
2378
2381
2398
2384
2400
2373
2389
2359
2378
2380
2355
2348
2343
2333
2322
2335
2335
2345
2306
2340
2330
2309
2334
2354
2327
2311
2317
2326
2318
2328
2307
2321
2315
2309
2305
2304
2322
2329
2331
2326
2296
2306
2297
2274
2304
2319
2322
2288
2301
2315
2315
2282
2335
2320
2325
2321
2330
2320
2317
2289
2314
2295
2294
2305
2306
2299
2297
2305
2269
2305
2318
2339
2312
2306
2348
2338
2318
2353
2355
2324
2312
2336
2315
2326
2298
2326
2317
2304
2279
2278
2289
2280
2264
2269
2267
2286
2284
2256
2235
2262
2251
2226
2267
2246
2246
2254
2224
2265
2215
2227
2224
2193
2245
2232
2227
2236
2223
2202
2212
2218
2225
2209
2200
2218
2224
2196
2200
2209
2206
2217
2188
2185
2187
2193
2181
2210
2213
2209
2178
2173
2205
2169
2194
2166
2169
2185
2177
2181
2190
2154
2165
2176
2167
2178
2170
2108
2183
2154
2152
2173
2161
2160
2166
2152
2163
2161
2169
2142
2152
2174
2178
2154
2151
2157
2147
2168
2142
2137
2166
2172
2154
2154
2161
2140
2147
2151
2164
2134
2134
2152
2132
2139
2146
2157
2151
2125
2157
2147
2158
2129
2160
2140
2155
2138
2145
2121
2174
2158
2138
2128
2157
2168
2154
2161
2164
2134
2138
2150
2158
2159
2136
2170
2130
2144
2148
2142
2148
2200
2201
2221
2257
2320
2272
2280
2297
2330
2321
2298
2324
2367
2365
2370
2381
2399
2404
2421
2441
2440
2492
2516
2548
2532
2562
2593
2585
2572
2613
2654
2707
2734
2839
2901
2952
2954
3007
3012
3027
3063
3068
3121
3152
3183
3218
3268
3296
3297
3313
3340
3364
3397
3370
3406
3422
3455
3455
3483
3457
3479
3504
3495
3527
3527
3505
3522
3557
3570
3549
3586
3582
3588
3587
3567
3604
3611
3596
3612
3600
3646
3646
3618
3639
3626
3602
3632
3610
3638
3642
3614
3613
3606
3628
3634
3612
3604
3609
3575
3588
3569
3563
3516
3497
3523
3498
3480
3460
3484
3484
3451
3421
3436
3450
3430
3446
3420
3433
3419
3415
3408
3413
3437
3437
3414
3402
3398
3413
3349
3363
3351
3352
3318
3330
3314
3341
3324
3304
3307
3260
3282
3236
3222
3201
3181
3182
3184
3161
3134
3140
3148
3123
3087
3111
3076
3070
3036
3024
3037
3016
2996
2990
3002
2965
2963
2925
2915
2897
2893
2883
2827
2818
2821
2805
2770
2777
2771
2752
2709
2727
2707
2690
2645
2643
2642
2647
2625
2603
2598
2588
2581
2542
2542
2542
2508
2512
2471
2465
2460
2401
2430
2408
2392
2364
2392
2369
2303
2316
2280
2299
2262
2221
2193
2214
2170
2156
2139
2092
2085
2062
2057
1992
2002
1948
1956
1945
1934
1921
1880
1881
1907
1862
1833
1837
1821
1824
1772
1802
1799
1770
1762
1739
1738
1734
1707
1698
1711
1713
1668
1685
1643
1629
1631
1608
1638
1606
1590
1603
1637
1609
1584
1557
1584
1578
1565
1579
1565
1521
1541
1483
1520
1538
1518
1506
1499
1514
1520
1508
1511
1489
1483
1477
1444
1487
1478
1451
1467
1460
1458
1458
1424
1418
1423
1421
1405
1416
1395
1390
1389
1389
1396
1402
1420
1401
1440
1439
1485
1507
1539
1604
1679
1699
1789
1856
1897
1928
2034
2056
2072
2121
2154
2195
2227
2286
2328
2389
2402
2445
2489
2504
2515
2573
2550
2591
2595
2625
2628
2669
2679
2664
2635
2696
2693
2716
2679
2720
2740
2745
2733
2752
2776
2763
2734
2758
2744
2744
2717
2720
2698
2727
2737
2710
2708
2722
2706
2677
2682
2695
2712
2698
2706
2684
2674
2671
2673
2678
2653
2654
2654
2631
2649
2650
2631
2621
2602
2636
2635
2624
2628
2606
2587
2586
2564
2586
2569
2586
2587
2583
2565
2576
2565
2569
2577
2559
2551
2545
2544
2557
2578
2567
2578
2532
2553
2558
2543
2539
2576
2524
2529
2519
2532
2537
2522
2527
2488
2470
2518
2475
2487
2488
2468
2458
2474
2461
2440
2436
2432
2431
2446
2451
2424
2440
2411
2423
2413
2423
2414
2400
2383
2389
2383
2390
2390
2410
2389
2396
2358
2359
2364
2365
2360
2374
2344
2342
2345
2347
2359
2355
2362
2331
2322
2324
2322
2322
2324
2327
2320
2304
2320
2320
2324
2338
2336
2301
2320
2334
2342
2335
2310
2315
2321
2336
2318
2348
2341
2361
2362
2328
2306
2329
2324
2332
2344
2298
2301
2314
2303
2319
2336
2315
2283
2299
2274
2286
2302
2282
2279
2291
2283
2286
2256
2277
2300
2247
2267
2274
2240
2264
2255
2268
2255
2275
2219
2251
2237
2248
2248
2240
2224
2233
2216
2232
2244
2227
2213
2214
2223
2233
2202
2222
2215
2214
2207
2239
2231
2245
2240
2235
2212
2233
2205
2247
2252
2241
2249
2240
2238
2225
2253
2233
2257
2275
2249
2211
2268
2251
2244
2234
2265
2267
2256
2256
2244
2240
2267
2255
2232
2244
2225
2227
2240
2236
2208
2211
2225
2217
2245
2250
2224
2219
2196
2229
2230
2202
2228
2221
2237
2191
2196
2188
2193
2186
2211
2179
2189
2185
2183
2201
2205
2181
2192
2197
2208
2167
2173
2182
2171
2175
2190
2196
2173
2176
2169
2164
2193
2164
2183
2187
2155
2184
2157
2188
2184
2177
2164
2178
2164
2204
2155
2188
2190
2172
2166
2167
2169
2154
2178
2164
2171
2187
2149
2179
2168
2157
2160
2152
2154
2163
2173
2173
2148
2154
2165
2165
2141
2178
2152
2141
2142
2157
2152
2144
2146
2160
2149
2167
2161
2158
2144
2146
2133
2155
2133
2161
2130
2136
2146
2154
2152
2152
2127
2171
2154
2160
2166
2145
2146
2166
2144
2152
2144
2142
2154
2157
2167
2177
2190
2170
2168
2175
2176
2178
2202
2160
2231
2259
2284
2280
2308
2249
2299
2298
2320
2322
2312
2302
2324
2326
2339
2372
2411
2410
2442
2434
2481
2510
2508
2554
2544
2608
2638
2646
2685
2751
2825
2893
2944
2983
3010
3065
3052
3092
3105
3171
3188
3203
3228
3244
3301
3311
3357
3362
3362
3400
3397
3430
3411
3438
3467
3485
3488
3464
3484
3527
3538
3545
3568
3553
3582
3559
3572
3583
3577
3587
3617
3598
3633
3596
3604
3648
3625
3660
3631
3642
3679
3677
3659
3666
3655
3661
3648
3661
3678
3688
3664
3673
3681
3666
3676
3654
3655
3681
3650
3652
3625
3620
3626
3638
3622
3621
3600
3599
3616
3594
3596
3552
3575
3532
3556
3515
3543
3501
3512
3516
3524
3490
3505
3485
3495
3463
3464
3461
3460
3492
3477
3488
3459
3442
3447
3420
3427
3427
3398
3368
3373
3363
3365
3342
3329
3325
3312
3309
3271
3287
3256
3275
3249
3185
3188
3140
3110
3118
3104
3072
3080
3018
3036
3033
3010
3010
2995
2976
2978
2933
2952
2940
2922
2947
2896
2931
2920
2904
2873
2916
2887
2879
2837
2824
2826
2820
2818
2791
2806
2786
2772
2788
2779
2802
2756
2739
2755
2780
2778
2814
2816
2847
2817
2844
2826
2816
2813
2815
2831
2817
2852
2805
2831
2846
2855
2829
2824
2806
2793
2802
2794
2797
2795
2786
2763
2774
2751
2762
2731
2743
2715
2696
2678
2699
2693
2669
2657
2655
2648
2640
2632
2635
2617
2580
2574
2576
2582
2593
2532
2554
2547
2527
2502
2485
2514
2503
2462
2478
2451
2433
2416
2412
2432
2402
2402
2373
2395
2379
2371
2329
2350
2361
2319
2328
2319
2278
2266
2270
2250
2273
2233
2229
2196
2217
2187
2214
2190
2166
2150
2141
2121
2105
2087
2056
2040
2039
2017
2033
1977
1994
1977
1946
1931
1954
1947
1922
1917
1934
1942
1923
1912
1873
1869
1834
1816
1792
1776
1763
1767
1728
1743
1701
1693
1704
1725
1710
1729
1729
1769
1834
1855
1906
1925
1991
2030
2087
2103
2167
2222
2261
2275
2366
2374
2440
2436
2453
2498
2541
2547
2565
2585
2616
2635
2632
2675
2702
2695
2694
2715
2745
2737
2765
2766
2760
2814
2803
2798
2809
2804
2804
2855
2816
2846
2838
2805
2825
2837
2807
2820
2818
2809
2801
2812
2798
2798
2786
2761
2764
2785
2778
2752
2732
2758
2735
2716
2741
2737
2723
2731
2727
2703
2708
2674
2692
2692
2668
2659
2660
2641
2630
2596
2627
2604
2571
2564
2551
2547
2544
2533
2509
2548
2531
2510
2477
2505
2515
2498
2472
2498
2481
2489
2456
2456
2453
2451
2448
2424
2438
2456
2434
2444
2424
2435
2410
2413
2407
2439
2432
2428
2400
2411
2392
2358
2372
2414
2394
2371
2377
2371
2363
2378
2364
2361
2337
2345
2349
2324
2340
2325
2322
2300
2323
2317
2297
2324
2335
2342
2321
2322
2330
2328
2291
2318
2324
2334
2308
2331
2336
2318
2314
2307
2334
2320
2317
2292
2321
2314
2317
2283
2314
2316
2304
2307
2284
2316
2302
2273
2290
2282
2278
2266
2257
2285
2268
2252
2251
2265
2231
2250
2246
2254
2236
2254
2246
2268
2266
2265
2264
2268
2229
2256
2256
2267
2265
2267
2265
2246
2235
2255
2259
2250
2226
2238
2260
2227
2224
2223
2215
2232
2223
2213
2219
2191
2224
2236
2214
2214
2213
2222
2212
2222
2217
2200
2203
2214
2178
2187
2175
2189
2181
2194
2167
2191
2190
2192
2170
2148
2158
2169
2153
2162
2133
2158
2141
2169
2162
2179
2179
2137
2166
2155
2168
2158
2151
2164
2142
2138
2146
2132
2121
2138
2140
2113
2131
2122
2132
2096
2119
2143
2113
2129
2121
2142
2117
2131
2101
2113
2116
2119
2102
2135
2114
2116
2092
2087
2102
2111
2084
2115
2078
2098
2067
2087
2070
2094
2078
2096
2090
2075
2084
2076
2061
2103
2076
2065
2063
2085
2090
2099
2066
2083
2087
2065
2080
2091
2080
2064
2062
2086
2080
2047
2051
2046
2041
2056
2077
2039
2043
2057
2067
2042
2036
2041
2061
2046
2059
2068
2038
2057
2042
2031
2018
2038
2053
2033
2043
2062
2013
2032
2013
2040
2037
2020
2012
2043
2002
2031
2013
2019
2022
2015
2019
1988
2019
2029
2014
2022
2010
2039
2033
1990
2042
2038
2019
1999
2043
2026
2030
2024
2051
2064
2097
2138
2154
2178
2194
2229
2276
2304
2345
2354
2338
2353
2375
2406
2400
2427
2448
2484
2468
2500
2482
2508
2517
2495
2498
2492
2503
2515
2546
2526
2558
2534
2549
2564
2550
2550
2549
2562
2576
2595
2586
2629
2626
2605
2643
2662
2656
2639
2651
2659
2671
2689
2750
2737
2753
2741
2763
2728
2746
2784
2792
2847
2891
2945
2979
2978
3016
3040
3047
3099
3094
3128
3177
3167
3186
3217
3212
3222
3254
3283
3286
3305
3278
3322
3339
3336
3337
3373
3380
3365
3391
3399
3419
3396
3420
3432
3422
3424
3455
3444
3444
3450
3468
3445
3468
3445
3451
3442
3469
3472
3472
3452
3437
3449
3451
3472
3441
3464
3436
3464
3456
3470
3460
3422
3426
3426
3432
3440
3450
3443
3444
3417
3424
3381
3424
3369
3376
3381
3412
3391
3360
3372
3368
3324
3318
3347
3324
3282
3296
3284
3300
3282
3254
3232
3249
3242
3219
3196
3204
3167
3159
3146
3180
3154
3140
3106
3104
3094
3059
3074
3058
3065
3007
3056
3011
3005
2982
2983
2952
2953
2951
2894
2885
2898
2858
2842
2843
2822
2820
2788
2800
2765
2744
2742
2725
2717
2704
2643
2690
2669
2648
2620
2625
2602
2614
2586
2593
2561
2561
2561
2540
2499
2493
2472
2466
2452
2435
2441
2400
2384
2403
2362
2357
2317
2323
2312
2280
2273
2281
2225
2235
2228
2179
2161
2191
2157
2150
2132
2115
2134
2098
2111
2060
2042
2032
1992
2009
1972
1949
1971
1951
1943
1932
1946
1934
1922
1927
1918
1902
1888
1861
1874
1816
1808
1790
1765
1764
1742
1740
1710
1686
1676
1663
1697
1694
1730
1729
1775
1777
1765
1777
1801
1815
1833
1898
1922
1961
2007
2065
2119
2138
2194
2194
2222
2236
2258
2332
2304
2369
2382
2398
2416
2448
2462
2495
2479
2519
2528
2570
2574
2588
2632
2637
2663
2661
2683
2683
2670
2696
2690
2696
2699
2693
2742
2711
2714
2714
2717
2748
2715
2701
2725
2739
2704
2692
2742
2738
2681
2723
2681
2682
2670
2665
2685
2659
2657
2661
2630
2632
2632
2627
2615
2609
2593
2596
2596
2584
2594
2558
2541
2577
2559
2552
2549
2528
2548
2513
2524
2496
2501
2502
2499
2494
2467
2455
2451
2416
2428
2401
2375
2377
2370
2372
2394
2330
2363
2340
2341
2359
2336
2345
2343
2327
2312
2292
2287
2314
2293
2297
2312
2294
2298
2293
2309
2296
2271
2286
2280
2305
2272
2314
2279
2290
2254
2273
2261
2272
2256
2264
2283
2263
2256
2245
2262
2261
2254
2240
2250
2250
2236
2240
2266
2227
2235
2201
2211
2209
2213
2194
2195
2188
2190
2202
2179
2202
2212
2194
2194
2199
2222
2200
2188
2201
2198
2220
2167
2173
2155
2193
2162
2156
2144
2176
2130
2134
2158
2144
2123
2141
2130
2146
2133
2128
2114
2143
2125
2114
2111
2139
2128
2129
2107
2130
2125
2123
2129
2147
2106
2093
2112
2121
2101
2092
2103
2099
2090
2110
2098
2110
2084
2104
2083
2068
2072
2077
2088
2071
2056
2073
2053
2063
2054
2044
2023
2063
2045
2015
2001
2024
2012
2016
2024
2019
1990
2011
2011
2016
2005
1998
1988
2004
1979
1972
2000
1960
1991
1993
1992
1987
1990
1992
2001
1978
1991
2003
2006
1985
2004
1980
2018
2012
2004
1991
2007
2004
2026
1999
1993
1991
1993
1999
1991
2002
1991
2028
2017
2010
1999
2019
2000
2007
2013
2053
2043
2029
2031
2003
2004
1990
2002
1985
1997
2005
2012
1974
1991
1996
1988
1963
1977
1961
1954
1943
1987
1966
1971
1935
1948
1958
1950
1947
1937
1946
1934
1955
1930
1943
1959
1930
1900
1938
1937
1930
1923
1924
1948
1932
1898
1930
1917
1900
1914
1927
1920
1894
1920
1897
1922
1916
1906
1918
1895
1909
1909
1904
1900
1889
1919
1890
1919
1911
1902
1865
1912
1900
1891
1922
1892
1924
1891
1907
1922
1921
1898
1898
1897
1906
1918
1904
1893
1919
1934
1919
1887
1911
1883
1893
1872
1925
1895
1895
1907
1912
1902
1908
1876
1897
1897
1926
1913
1893
1899
1891
1894
1885
1906
1924
1892
1892
1876
1889
1908
1866
1921
1889
1909
1901
1887
1879
1909
1887
1893
1885
1892
1901
1920
1906
1941
1943
1971
1989
2007
2027
2086
2130
2191
2203
2180
2176
2200
2224
2220
2237
2280
2315
2338
2320
2334
2348
2369
2366
2379
2393
2396
2423
2439
2461
2466
2472
2517
2496
2494
2486
2484
2480
2482
2463
2514
2504
2505
2551
2534
2544
2581
2571
2577
2577
2588
2596
2612
2631
2643
2661
2643
2674
2688
2673
2667
2740
2791
2854
2871
2894
2929
2932
2938
2964
2994
2995
2982
3037
3050
3057
3108
3099
3113
3109
3158
3142
3161
3152
3163
3180
3211
3216
3236
3242
3264
3260
3249
3248
3266
3232
3256
3257
3280
3266
3309
3308
3304
3293
3304
3307
3317
3328
3319
3305
Channel 1 Data:
1742
1686
1603
1716
1736
1767
1728
1706
1757
1694
1704
1697
1804
1668
1820
1862
1784
1718
1788
1759
1729
1666
1716
1767
1759
1667
1739
1910
1720
1738
1718
1795
1756
1782
1856
1817
1806
1721
1853
1668
1770
1735
1783
1660
1821
1755
1730
1669
1657
1720
1713
1601
1677
1643
1711
1622
1743
1667
1703
1672
1549
1801
1713
1711
1766
1630
1791
1649
1734
1723
1746
1691
1755
1703
1704
1728
1721
1710
1728
1663
1684
1690
1776
1696
1684
1752
1724
1712
1695
1743
1626
1604
1692
1759
1689
1639
1701
1699
1706
1797
1756
1728
1651
1690
1742
1741
1636
1824
1592
1696
1629
1688
1675
1677
1690
1743
1759
1705
1715
1779
1759
1702
1724
1676
1821
1780
1712
1664
1726
1821
1650
1677
1597
1761
1683
1748
1677
1694
1767
1760
1708
1780
1843
1734
1763
1718
1759
1726
1720
1822
1700
1715
1725
1709
1736
1721
1743
1727
1632
1614
1738
1770
1704
1713
1629
1716
1730
1718
1638
1723
1669
1647
1731
1751
1766
1691
1661
1649
1649
1760
1736
1772
1719
1720
1705
1787
1714
1584
1606
1825
1762
1735
1717
1878
1552
1704
1802
1699
1710
1689
1825
1721
1646
1692
1793
1671
1638
1757
1761
1749
1691
1733
1721
1576
1736
1852
1784
1552
1733
1458
1725
1699
1625
1765
1752
1700
1778
1657
1830
1686
1842
1706
1689
1671
1770
1693
1680
1705
1607
1760
1694
1632
1745
1704
1700
1658
1718
1738
1813
1658
1711
1712
1802
1723
1737
1776
1745
1674
1787
1733
1687
1698
1628
1756
1680
1771
1540
1676
1647
1692
1713
1744
1763
1629
1737
1700
1782
1825
1720
1730
1707
1841
1726
1768
1737
1806
1780
1674
1722
1710
1793
1694
1670
1732
1664
1780
1821
1730
1593
1757
1832
1786
1840
1748
1782
1780
1706
1749
1750
1733
1736
1694
1713
1803
1700
1738
1737
1715
1714
1770
1688
1671
1736
1607
1741
1747
1780
1765
1679
1719
1655
1643
1795
1726
1761
1647
1645
1751
1693
1800
1755
1724
1754
1767
1728
1666
1721
1695
1825
1652
1758
1750
1740
1686
1752
1738
1661
1654
1774
1801
1749
1656
1764
1615
1807
1679
1579
1703
1756
1693
1781
1667
1704
1807
1749
1655
1784
1687
1712
1705
1607
1755
1735
1751
1701
1737
1732
1672
1717
1687
1660
1660
1830
1650
1696
1677
1625
1719
1819
1673
1627
1794
1658
1705
1706
1753
1856
1767
1801
1643
1682
1723
1759
1681
1708
1705
1712
1881
1714
1704
1759
1716
1719
1735
1655
1754
1783
1817
1750
1754
1810
1759
1752
1775
1619
1606
1755
1675
1696
1697
1716
1792
1717
1942
1803
1803
1745
1690
1795
1690
1662
1897
1780
1697
1680
1749
1641
1739
1719
1727
1657
1716
1744
1712
1762
1681
1689
1671
1661
1690
1628
1664
1642
1718
1650
1705
1761
1690
1729
1625
1605
1680
1643
1634
1706
1691
1637
1699
1663
1643
1765
1708
1671
1723
1535
1731
1715
1675
1693
1707
1599
1565
1533
1644
1645
1606
1617
1467
1653
1671
1679
1465
1631
1653
1612
1652
1748
1657
1613
1635
1561
1508
1565
1565
1543
1602
1500
1574
1695
1617
1632
1496
1592
1600
1592
1655
1639
1510
1532
1493
1579
1786
1556
1626
1598
1538
1583
1656
1564
1514
1577
1582
1633
1508
1559
1423
1547
1556
1704
1492
1613
1551
1646
1588
1530
1600
1666
1548
1607
1574
1599
1634
1540
1534
1525
1680
1495
1505
1543
1455
1595
1520
1569
1502
1475
1472
1505
1546
1655
1480
1634
1587
1507
1525
1637
1522
1565
1596
1605
1533
1536
1680
1650
1478
1468
1467
1654
1462
1465
1585
1464
1457
1527
1547
1628
1467
1467
1489
1490
1526
1566
1439
1429
1471
1619
1513
1442
1566
1525
1491
1465
1553
1450
1539
1463
1221
1463
1519
1451
1557
1405
1458
1422
1487
1495
1575
1500
1579
1515
1494
1534
1583
1573
1479
1516
1522
1362
1511
1527
1527
1430
1541
1442
1566
1402
1434
1504
1568
1434
1328
1552
1500
1512
1541
1569
1494
1559
1546
1425
1477
1543
1526
1412
1448
1432
1470
1480
1520
1554
1452
1354
1473
1566
1509
1424
1457
1372
1434
1533
1633
1500
1525
1517
1339
1454
1604
1441
1413
1519
1560
1412
1556
1478
1488
1518
1396
1554
1430
1458
1384
1630
1331
1465
1497
1463
1470
1479
1451
1587
1583
1476
1483
1510
1421
1551
1462
1474
1406
1522
1384
1501
1448
1432
1520
1345
1441
1408
1508
1519
1481
1520
1490
1474
1489
1642
1534
1523
1442
1574
1566
1624
1482
1533
1461
1477
1478
1500
1433
1406
1458
1463
1383
1403
1449
1408
1506
1571
1578
1581
1487
1263
1423
1556
1570
1497
1612
1574
1455
1537
1547
1508
1523
1471
1338
1502
1532
1458
1523
1668
1502
1487
1479
1486
1491
1448
1617
1530
1531
1541
1633
1588
1514
1580
1536
1432
1444
1518
1486
1512
1490
1588
1519
1472
1657
1455
1479
1515
1536
1419
1562
1532
1655
1483
1490
1515
1658
1447
1471
1600
1582
1399
1453
1535
1552
1640
1615
1557
1591
1429
1672
1571
1600
1544
1583
1651
1631
1598
1647
1638
1671
1681
1677
1648
1713
1735
1616
1641
1758
1603
1690
1711
1690
1685
1636
1720
1608
1516
1629
1798
1698
1660
1644
1711
1672
1692
1719
1769
1784
1827
1702
1715
1840
1856
1771
1740
1737
1698
1786
1656
1708
1822
1794
1737
1886
1836
1816
1876
1705
1862
1894
1856
1872
1847
1899
1833
1905
1937
1854
1900
1723
1895
1853
1856
1760
1940
1860
1869
1855
1849
1891
1948
1899
1919
1746
1916
1941
1904
1874
1876
1828
1966
1937
1939
1889
1984
1878
1947
1905
1967
2022
2009
1942
2022
1993
1922
1868
1938
1867
1900
1955
2022
1904
1987
1950
1996
1952
1917
2047
2037
1948
2023
2126
1961
1996
2080
2012
1960
2120
2099
1993
1914
1999
2059
1997
1983
2017
1923
2113
1897
2072
1959
2054
2025
1981
1987
2117
2138
2182
2183
2000
2070
2153
2102
1902
2085
2088
2023
2035
2107
2159
2011
2177
2076
2101
1930
2115
2000
2038
2093
2122
2186
2112
2081
2118
2185
2127
2101
2206
2143
2188
2184
2200
2080
2098
2154
2098
2146
2125
2096
2192
2083
2062
2035
1987
2101
2182
2184
2124
2110
2161
2084
2018
2241
2152
2020
2209
2070
2213
2126
2163
2084
2094
2092
2133
2152
2019
2066
2336
2184
2090
2183
2148
2129
2174
2171
2179
1956
2039
2320
2149
2275
2118
2256
2187
2060
2168
2045
2102
2133
2152
2077
2046
2149
2122
2047
2016
2191
2132
2205
2203
2140
2052
2100
2180
2057
2138
2124
2188
2176
2049
2070
2183
2260
2075
2062
2183
1945
2137
2028
2138
2121
2168
2050
2132
2071
2178
2164
2113
2102
2188
2157
2251
2105
2186
2188
2089
2193
2126
2137
2117
2186
2165
2035
2089
2089
2152
2126
2039
2141
2104
2183
2060
2096
2055
2013
2072
2080
1983
1974
2109
2047
2014
1984
2020
2098
1907
2013
1974
1973
1945
2002
2039
1944
1873
1955
1976
1815
1958
1987
2003
1977
1930
1977
1928
1922
1832
1974
1789
1636
1920
1822
1930
1881
1928
1886
1864
1876
1841
1845
1771
1904
1846
1889
1835
1840
1798
1711
1823
1721
1847
1842
1771
1708
1730
1851
1815
1834
1750
1835
1817
1800
1680
1814
1732
1732
1689
1730
1664
1725
1768
1791
1664
1833
1775
1704
1678
1818
1793
1796
1734
1804
1691
1671
1690
1653
1658
1680
1698
1707
1650
1696
1596
1743
1578
1739
1582
1705
1701
1666
1720
1702
1749
1649
1797
1619
1591
1666
1693
1604
1579
1691
1642
1701
1696
1646
1615
1715
1652
1523
1640
1673
1603
1735
1651
1592
1688
1641
1570
1589
1707
1633
1680
1466
1649
1559
1651
1588
1693
1642
1575
1663
1598
1611
1556
1449
1605
1600
1651
1650
1572
1703
1676
1510
1539
1616
1630
1637
1652
1645
1619
1628
1754
1593
1545
1572
1589
1625
1531
1563
1668
1600
1548
1649
1580
1484
1637
1581
1628
1563
1606
1627
1636
1640
1582
1587
1656
1510
1634
1542
1660
1588
1639
1633
1660
1611
1548
1602
1569
1513
1656
1554
1595
1592
1674
1569
1628
1525
1604
1719
1587
1526
1515
1680
1577
1577
1579
1556
1582
1607
1602
1540
1642
1550
1573
1547
1453
1602
1595
1602
1437
1607
1592
1618
1528
1546
1666
1525
1549
1582
1539
1597
1615
1537
1590
1594
1584
1633
1536
1566
1484
1608
1579
1556
1495
1520
1593
1560
1522
1555
1610
1603
1492
1596
1499
1565
1534
1529
1548
1600
1587
1549
1591
1487
1549
1590
1642
1512
1632
1546
1624
1731
1559
1615
1693
1634
1546
1651
1601
1611
1553
1596
1602
1603
1596
1568
1562
1567
1624
1636
1616
1646
1528
1589
1559
1552
1576
1651
1554
1669
1583
1673
1715
1691
1601
1703
1556
1618
1576
1672
1747
1682
1585
1672
1724
1577
1596
1601
1694
1621
1598
1659
1555
1580
1579
1623
1601
1787
1631
1615
1707
1369
1609
1711
1627
1504
1584
1619
1548
1665
1632
1639
1679
1570
1491
1639
1665
1636
1807
1816
1625
1659
1780
1708
1735
1714
1836
1796
1697
1767
1829
1921
1791
1765
1820
1707
1806
1870
1787
1651
1812
1784
1765
1751
1810
1754
1893
1794
1767
1792
1775
1845
1972
1771
1886
1804
1913
1834
1907
1925
1845
1735
1912
1886
1872
1997
1819
1829
1834
1792
1996
1921
1814
1864
1914
1888
1930
1955
2021
1882
1949
1976
1876
1890
1988
2024
1981
1858
1966
1936
1926
1969
2071
1990
1917
2062
1937
1913
2120
1973
1883
1980
2034
2036
2081
1892
2016
2072
2080
1941
2027
2055
2059
2110
2041
2032
1889
2067
2101
2014
1932
1946
2034
2055
2053
2114
2052
2042
1981
2183
2096
2184
2093
2241
2151
2073
2127
2184
2028
2078
2052
2176
2239
2047
2111
2109
2042
2063
2080
2195
2085
2124
2024
2072
2116
2240
2072
2144
2189
2089
2106
2226
2176
2118
2082
2143
2138
2200
2077
2184
2166
2172
2020
2190
2126
2117
2113
2187
2182
2216
2249
2164
2125
2080
2183
2161
2211
2171
2235
2116
2102
2230
2311
2150
2148
2314
2221
2091
2266
2164
2209
2054
2229
2292
2226
2091
2092
2177
2247
2062
2278
2172
2176
2205
2197
2273
2224
2171
2301
2127
2223
2150
2316
2233
2234
2249
2190
2179
2255
2151
2260
2085
2214
2182
2186
2208
2200
2271
2184
2258
2197
2267
2342
2226
2234
2296
2273
2254
2266
2309
2235
2335
2330
2261
2192
2196
2215
2218
2206
2273
2242
2134
2256
2248
2187
2189
2235
2092
2175
2380
2208
2291
2284
2287
2212
2243
2256
2220
2201
2235
2135
2304
2192
2206
2222
2315
2084
2225
2197
2269
2219
2193
2210
2257
2257
2438
2248
2324
2317
2444
2278
2240
2249
2300
2330
2145
2245
2241
2190
2281
2235
2229
2148
2138
2218
2362
2237
2141
2249
2265
2426
2240
2240
2400
2366
2342
2205
2282
2280
2208
2198
2198
2252
2215
2240
2145
2200
2170
2199
2157
2097
2202
2163
2116
2004
2168
2203
2019
2100
2134
2212
2058
2107
2104
2009
2037
2057
2109
2068
1988
2026
2045
2169
1986
2007
1921
1982
1925
1973
2058
1967
1976
2037
2028
2072
1973
2100
1980
1997
1967
2000
1891
1917
1947
1798
1847
1922
1934
1931
1860
1892
1861
1824
1769
1888
1875
1891
1897
1924
1888
1904
1891
1772
1880
1900
1919
1939
1841
1755
1787
1785
1868
1878
1902
1744
1830
1959
1671
1926
1865
1837
1816
1840
1790
1742
1790
1812
1826
1698
1760
1746
1838
1697
1717
1827
1863
1733
1667
1915
1790
1724
1737
1717
1893
1697
1786
1759
1732
1806
1764
1807
1696
1778
1730
1700
1621
1750
1776
1719
1797
1741
1853
1720
1765
1683
1723
1698
1767
1743
1658
1602
1736
1728
1746
1641
1668
1762
1605
1780
1770
1702
1794
1730
1721
1732
1731
1671
1668
1527
1645
1644
1699
1739
1659
1662
1683
1634
1689
1658
1594
1690
1719
1741
1677
1663
1721
1645
1589
1653
1665
1570
1667
1606
1740
1672
1790
1761
1688
1621
1642
1729
1646
1639
1592
1618
1600
1607
1670
1618
1620
1598
1666
1637
1615
1635
1651
1679
1655
1808
1617
1598
1672
1652
1589
1628
1710
1634
1539
1683
1680
1733
1495
1684
1617
1596
1449
1699
1623
1698
1623
1664
1556
1590
1705
1649
1575
1633
1524
1725
1647
1711
1661
1660
1482
1572
1620
1580
1649
1536
1555
1512
1697
1665
1707
1620
1609
1705
1716
1606
1740
1572
1577
1451
1576
1622
1621
1720
1656
1616
1561
1449
1514
1580
1672
1619
1675
1717
1587
1670
1565
1541
1586
1620
1671
1580
1605
1670
1626
1607
1686
1696
1579
1592
1529
1618
1632
1584
1667
1613
1644
1646
1726
1490
1647
1662
1711
1630
1681
1655
1615
1647
1636
1645
1716
1701
1542
1706
1601
1601
1632
1572
1540
1637
1550
1622
1651
1673
1520
1645
1689
1671
1683
1667
1714
1682
1700
1663
1577
1713
1675
1563
1561
1640
1564
1797
1662
1604
1592
1613
1637
1576
1652
1769
1468
1584
1704
1769
1636
1562
1778
1682
1551
1602
1637
1641
1683
1713
1728
1691
1702
1805
1569
1609
1682
1552
1610
1657
1699
1752
1655
1700
1738
1732
1644
1592
1713
1686
1755
1711
1674
1638
1701
1728
1687
1624
1547
1657
1667
1668
1571
1672
1608
1644
1711
1746
1671
1730
1718
1766
1733
1693
1647
1707
1696
1694
1674
1640
1822
1721
1706
1792
1829
1679
1658
1727
1675
1744
1743
1738
1789
1689
1697
1728
1795
1802
1761
1787
1755
1657
1809
1827
1749
1842
1773
1818
1701
1741
1849
1896
1885
1793
1741
1868
1882
1828
2031
1943
1810
1919
1931
1880
1789
1873
1903
1837
1959
1888
2027
1865
1879
1928
1920
1858
1859
2024
1969
1945
1938
1802
1918
1861
1889
1989
1927
1948
1963
1938
2000
1983
2095
1950
2033
2074
2050
2016
2057
2064
1992
2025
1986
1995
1930
1997
1961
1990
1967
2004
1995
1951
2007
1995
1943
1907
2000
2042
1895
2004
2118
2060
1993
2098
1994
2028
2085
2115
2080
2064
2102
2193
2037
2019
2119
2225
1975
2112
2079
2058
2047
2161
2127
2066
2173
2200
2148
2140
2227
2125
2083
2171
1816
2151
2146
2135
2138
1950
2092
2052
2032
2101
2191
2110
2053
1828
2126
2105
2156
2224
2234
2006
2156
2189
2171
2163
2232
2226
2121
2167
2161
2169
2240
2243
2226
2050
2009
2124
2140
2260
2059
2358
2203
2194
2135
2220
2297
2228
2256
2011
2198
2324
2290
2269
2102
2283
2156
2223
2236
2227
2166
2157
2076
2268
2144
2121
2367
2224
2169
2192
2169
2179
2125
2234
2256
2105
2077
2240
2301
2062
2324
2289
2299
2100
2203
2298
2229
2282
2248
2250
2234
2151
2166
2325
2290
2231
2202
2249
2167
2257
2423
2148
2315
2259
2264
2336
2150
2208
2260
2204
2162
2120
2256
2089
2065
2148
2211
2043
2121
2067
2203
2177
2264
2179
2274
2173
2283
2254
2239
2236
2342
2285
2379
2179
2259
2278
2268
2265
2275
2203
2218
2270
2171
2403
2280
2193
2224
2135
2210
2244
2222
2116
2357
2167
2209
2282
2369
2183
2270
2269
2285
2195
2288
2243
2228
2200
2244
2177
2230
2234
2163
2216
2199
2222
2189
2114
2099
2305
2307
2056
2183
2254
2034
2159
2141
2197
2046
2144
2209
2213
2153
2176
2115
2172
1944
2081
2047
2052
2031
2089
2134
2076
1910
2024
2109
2064
1957
1966
1871
2095
1897
1996
1947
1934
1953
2056
1997
1997
1771
1975
1937
1932
1923
1947
1892
1942
1921
1882
1886
1831
1819
1819
1755
1875
1840
1879
1913
1777
1926
1921
1852
1780
1895
1910
1809
1881
1821
1892
1869
1805
1791
1789
1897
1795
1699
1846
1743
1793
1825
1958
1797
1863
1816
1764
1787
1775
1888
1780
1700
1735
1783
1802
1589
1753
1789
1770
1703
1752
1761
1560
1778
1813
1885
1700
1815
1731
1826
1654
1776
1615
1772
1729
1785
1683
1705
1822
1918
1643
1658
1663
1823
1872
1730
1667
1695
1740
1787
1689
1698
1611
1702
1616
1675
1656
1685
1782
1672
1715
1795
1660
1725
1717
1640
1803
1796
1651
1757
1698
1729
1707
1674
1685
1623
1661
1666
1636
1573
1642
1645
1703
1748
1666
1699
1816
1727
1624
1664
1760
1660
1805
1722
1704
1718
1700
1697
1652
1625
1614
1681
1651
1518
1665
1792
1699
1662
1520
1717
1660
1664
1641
1756
1688
1593
1735
1554
1708
1699
1652
1684
1749
1595
1744
1694
1584
1614
1590
1623
1482
1649
1585
1610
1670
1589
1535
1595
1555
1618
1672
1656
1605
1503
1539
1572
1628
1571
1630
1614
1651
1578
1649
1722
1620
1658
1666
1664
1606
1555
1736
1587
1632
1584
1689
1578
1586
1664
1635
1518
1628
1685
1623
1583
1579
1608
1578
1609
1615
1629
1536
1673
1627
1567
1563
1608
1541
1667
1508
1617
1643
1684
1693
1601
1613
1600
1675
1679
1561
1630
1629
1753
1690
1762
1599
1582
1652
1665
1601
1677
1589
1675
1607
1647
1480
1651
1665
1672
1581
1687
1654
1567
1697
1715
1653
1699
1674
1745
1696
1699
1706
1656
1642
1667
1643
1675
1751
1618
1616
1770
1548
1622
1594
1605
1717
1648
1605
1731
1638
1659
1762
1629
1721
1711
1665
1704
1563
1735
1603
1657
1717
1751
1670
1672
1692
1548
1628
1743
1709
1660
1676
1755
1767
1691
1694
1686
1658
1577
1756
1688
1674
1709
1764
1654
1632
1698
1674
1695
1711
1744
1665
1680
1705
1707
1767
1577
1750
1519
1705
1679
1591
1693
1662
1623
1671
1694
1710
1746
1703
1674
1637
1711
1673
1628
1618
1687
1551
1635
1648
1716
1671
1742
1704
1711
1648
1720
1770
1741
1718
1755
1751
1743
1688
1775
1681
1620
1707
1783
1720
1727
1748
1781
1698
1765
1557
1721
1609
1767
1850
1769
1907
1709
1680
1787
1715
1818
1743
1769
1731
1912
1877
1804
1755
1773
1943
1763
1843
1771
1835
1865
1806
1916
1827
1891
1909
1965
1931
1914
1935
1874
1947
1892
1943
1877
1973
1913
1909
1907
1887
1941
1926
1997
1877
2029
1927
1876
1896
2006
1998
1987
1962
1916
1971
2010
2037
2071
1988
2003
1989
2046
2145
2122
1963
2139
1910
2032
1945
1995
2045
2038
2027
1992
2038
1981
2016
2005
2157
1880
2029
2084
2064
2058
2055
2109
1984
1947
2064
2118
2085
2125
2063
2034
2048
2056
1928
2117
1996
2051
2021
2052
2126
2069
2247
2097
2059
2134
2023
2082
2015
2092
2117
2210
2067
2146
2053
2150
2112
2078
2066
2134
2096
2184
2129
2133
1984
2083
2160
2270
2168
2165
2178
2155
2096
2180
2112
2143
2265
2153
2182
2197
2107
2184
2049
2151
2144
2228
2116
2183
2206
2251
2132
2134
2131
2147
2243
2253
2195
2186
2422
2210
2151
2180
2045
2146
2234
2184
2108
2145
2175
2207
2165
2323
2241
2150
2166
2123
2217
2120
2242
2285
2285
2145
2177
2215
2190
2254
2209
2276
2170
2225
2272
2209
2148
2198
2246
2201
2233
2287
2229
2271
2108
2269
2200
2149
2136
2198
2333
2201
2165
2208
2090
2178
2184
2366
2173
2252
2262
2269
2280
2331
2189
2179
2128
2207
2153
2225
2230
2232
2183
2160
2151
2153
2199
2204
2227
2045
2331
2266
2247
2032
2244
2316
2327
2217
2373
2348
2275
2253
2153
2318
2239
2171
2171
2232
2184
2266
2350
2171
2206
2281
2263
2245
2207
2217
2385
2346
2147
2260
2310
2495
2206
2243
2210
2209
2144
2307
2201
2227
2182
2237
2269
2094
2257
2128
2212
2211
2257
2215
2234
2273
2370
2253
2219
2251
2324
2280
2217
2291
2196
2264
2198
2232
2192
2431
2281
2165
2063
2059
2375
2124
2255
2106
2223
2141
2053
2223
2325
2144
2209
2219
2096
2028
2188
2124
2144
2084
2113
2052
2067
2133
2207
1996
1940
2024
2120
1930
2042
2061
1970
2055
2153
2034
1870
1936
2027
2154
1876
2107
1976
2045
1859
2038
2079
1863
1837
1966
2046
1905
1899
1915
1937
1988
1902
1799
2030
1867
1860
1943
1914
1904
1913
2070
2069
1875
1863
1943
1877
1921
1862
1942
1866
1838
1831
1928
1820
1763
1757
1906
1742
1899
1821
1827
1862
1776
1766
1806
1739
1724
1828
1926
1778
1873
1817
1872
1810
1894
1671
1855
1784
1792
1642
1823
1772
1836
1862
1783
1808
1702
1711
1854
1694
1818
1771
1871
1682
1781
1785
1953
1689
1790
1938
1643
1620
1884
1731
1694
1595
1803
1765
1730
1755
1759
1746
1723
1857
1624
1678
1620
1906
1680
1710
1695
1739
1679
1721
1764
1805
1728
1616
1703
1811
1740
1814
1691
1670
1700
1777
1717
1680
1555
1779
1651
1727
1678
1749
1806
1705
1632
1801
1703
1678
1711
1846
1831
1708
1775
1723
1821
1725
1720
1599
1699
1724
1644
1678
1733
1569
1574
1732
1680
1516
1585
1630
1714
1662
1739
1686
1739
1579
1732
1735
1663
1667
1569
1840
1715
1682
1611
1703
1747
1509
1671
1770
1696
1623
1529
1789
1658
1681
1675
1734
1624
1647
1744
1699
1681
1623
1795
1623
1639
1677
1746
1602
1592
1631
1649
1607
1732
1657
1638
1470
1656
1721
1669
1647
1676
1573
1660
1569
1616
1551
1767
1574
1736
1585
1823
1683
1666
1603
1603
1701
1631
1744
1755
1626
1622
1647
1797
1546
1688
1622
1748
1635
1611
1708
1710
1675
1615
1793
1726
1744
1702
1751
1604
1720
1700
1724
1650
1667
1782
1725
1534
1685
1481
1664
1686
1765
1667
1615
1688
1677
1662
1593
1731
1705
1725
1647
1643
1752
1750
1707
1721
1761
1707
1581
1665
1691
1653
1657
1703
1676
1672
1733
1742
1748
1598
1650
1805
1752
1732
1708
1818
1690
1691
1788
1740
1768
1684
1865
1658
1708
1691
1689
1753
1642
1652
1719
1761
1684
1677
1730
1680
1772
1721
1680
1735
1681
1694
1725
1749
1700
1614
1657
1725
1696
1710
1874
1764
1626
1722
1696
1742
1693
1593
1780
1726
1615
1798
1751
1655
1699
1799
1757
1558
1709
1757
1690
1767
1698
1850
1642
1761
1712
1765
1702
1565
1816
1735
1656
1763
1754
1799
1616
1770
1571
1809
1752
1706
1742
1776
1831
1825
1820
1880
1785
1888
1831
1694
1824
1879
1811
1872
1836
1807
1776
1827
1826
1822
1800
1864
1784
1963
1855
1923
1964
1856
1866
2082
2026
1952
1906
1858
1966
2019
2026
1969
1808
2013
1979
1982
1946
1861
1906
1927
2034
1914
1997
2093
1941
2094
1921
1894
2007
2013
2000
2039
1956
2075
2075
2011
2121
2081
1939
1966
1899
2025
2047
2071
2106
1974
2040
2069
2073
1901
2098
2208
2091
2040
2092
2125
2076
2131
2110
2099
1991
2092
2189
2051
2259
2041
2152
2041
2003
2071
2097
2131
2065
2112
2067
2010
2155
2176
2153
2051
2144
2228
2164
2211
2199
2177
2096
2058
2124
2130
2188
2163
2062
2082
2148
2119
2157
2056
2123
2123
1972
2151
2271
2198
2058
2205
2289
2160
2101
2183
2164
2293
2156
2291
2086
2198
2144
2174
2230
2071
2211
2172
2206
2139
2179
2271
2135
2208
2089
2251
2217
2093
2292
2183
2336
2140
2247
2261
2076
2338
2205
2131
2183
2195
2106
2150
2167
2175
2144
2224
2241
2218
2226
2250
2278
2326
2225
2310
2274
2260
2162
2368
2236
2240
2320
2285
2288
2236
2342
2235
2166
2305
2177
2259
2248
2273
2214
2202
2328
2200
2240
2460
2215
2293
2236
2232
2209
2260
2239
2230
2220
2283
2366
2244
2364
2404
2211
2315
2163
2274
2201
2214
2342
2269
2240
2281
2329
2232
2277
2228
2244
2261
2393
2248
2256
2057
2319
2372
2244
2141
2339
2327
2197
2156
2311
2386
2249
2167
2136
2248
2231
2199
2259
2245
2256
2189
2276
2191
2234
2139
2177
2221
2080
2171
2171
2220
2069
2089
2067
2072
2026
2067
2131
2045
1999
2036
2015
2021
1991
2194
2080
2052
1940
2036
2013
2037
1942
2035
2096
2036
2035
1995
1969
1960
1989
1939
1930
1806
1941
2059
1935
1803
1931
1986
2064
1921
1951
1934
1834
1713
1913
1997
2114
1898
1996
1916
1798
1834
1972
1951
1910
1827
1935
1913
1781
1897
1815
1769
1823
1813
1811
1843
1793
1876
1841
1864
1890
1916
1760
1866
1921
1862
1770
1770
1943
1850
1920
1820
1827
1762
1753
1907
1721
1818
1742
1836
1800
1767
1781
1873
1769
1784
1690
1778
1755
1898
1798
1841
1784
1828
1779
1843
1901
1917
1750
1765
1846
1791
1685
1759
1833
1724
1698
1753
1769
1713
1799
1729
1732
1655
1728
1899
1778
1630
1765
1817
1760
1723
1732
1784
1725
1687
1731
1784
1705
1708
1547
1862
1524
1744
1735
1825
1598
1719
1804
1822
1658
1719
1675
1800
1806
1803
1762
1717
1730
1717
1654
1591
1601
1713
1675
1590
1606
1666
1665
1608
1637
1625
1693
1671
1476
1723
1777
1686
1771
1642
1797
1672
1726
1611
1796
1744
1701
1546
1684
1648
1665
1818
1731
1595
1649
1640
1754
1637
1709
1688
1706
1548
1675
1729
1884
1561
1725
1677
1641
1627
1636
1595
1637
1722
1743
1691
1672
1744
1590
1615
1618
1791
1625
1504
1662
1785
1598
1691
1692
1684
1551
1584
1670
1681
1714
1641
1704
1705
1676
1727
1639
1599
1452
1740
1580
1622
1610
1600
1633
1666
1575
1655
1742
1642
1646
1720
1672
1716
1664
1712
1680
1719
1644
1741
1632
1688
1602
1639
1651
1638
1586
1647
1619
1611
1619
1720
1562
1566
1570
1650
1618
1740
1685
1680
1582
1584
1642
1693
1707
1603
1600
1728
1650
1767
1496
1715
1723
1669
1467
1720
1602
1617
1656
1727
1502
1656
1800
1746
1606
1664
1659
1691
1658
1645
1802
1563
1640
1770
1713
1547
1670
1734
1668
1711
1753
1741
1686
1590
1768
1746
1684
1590
1694
1553
1669
1614
1636
1744
1723
1766
1735
1573
1722
1655
1786
1635
1517
1665
1688
1662
1715
1612
1612
1606
1701
1615
1725
1557
1585
1632
1706
1701
1839
1642
1792
1701
1733
1753
1781
1690
1775
1869
1821
1712
1752
1750
1723
1748
1738
1737
1599
1686
1681
1788
1679
1509
1739
1666
1834
1701
1692
1822
1686
1607
1608
1827
1763
1703
1786
1706
1675
1707
1748
1741
1633
1627
1732
1711
1611
1716
1875
1725
1677
1749
1788
1715
1734
1836
1883
1733
1729
1881
1708
1719
1739
1812
1661
1809
1750
1766
1812
1712
1717
1748
1731
1909
1661
1699
1673
1708
1848
1737
1755
1658
1675
1788
1826
1702
1677
1919
1809
1874
1655
1838
1897
1889
1787
1823
1848
1810
1815
1900
1768
1804
1863
1829
1807
1871
1965
1885
1814
1879
1938
1947
2001
1938
1919
1799
1917
2008
1909
1898
2045
2037
1958
1897
1945
2025
2020
1899
1942
1858
2013
1896
1907
1938
1953
2080
2029
1982
1961
1912
2045
1984
1885
2029
2154
2130
2033
2015
1980
2084
1937
1982
2046
2032
2068
2052
1997
2064
2053
2091
2139
2046
2125
2231
2040
