Starting data capturing
Starting data capturing
Channel 0 Data:
429
464
527
490
520
504
533
501
491
539
485
527
518
460
500
501
478
494
487
564
531
499
485
534
520
407
445
454
494
435
488
513
505
421
451
461
462
420
477
335
358
364
356
338
354
292
377
353
388
395
363
324
375
395
331
324
359
329
346
382
380
403
326
343
390
400
381
365
380
360
350
339
381
371
395
383
388
420
359
326
400
443
382
364
372
389
384
379
341
370
407
362
358
390
401
422
410
441
419
418
433
423
445
461
410
435
428
442
391
462
490
467
442
459
468
522
458
475
514
542
501
536
548
573
565
588
535
581
575
520
563
596
551
567
558
567
603
614
571
614
590
621
578
588
596
643
635
657
640
676
619
634
669
668
708
688
688
731
678
647
708
672
704
747
717
730
720
741
734
700
709
795
719
741
800
678
704
747
733
771
715
786
721
715
696
728
768
713
727
753
752
688
702
671
715
691
640
608
615
661
642
603
587
508
538
538
506
611
532
468
479
523
494
448
444
498
411
423
420
406
395
376
395
456
366
364
403
436
312
326
333
382
357
388
317
404
305
311
295
317
287
297
238
292
254
287
259
273
293
330
202
303
259
216
193
266
238
256
311
237
227
305
221
282
184
248
209
252
270
244
235
220
190
167
171
167
176
271
217
170
154
241
140
218
110
170
250
191
196
107
249
227
115
172
87
159
176
205
122
206
172
119
220
177
161
159
126
172
132
132
140
138
96
111
137
117
209
119
196
216
165
177
195
163
113
159
173
111
95
99
143
76
119
171
166
181
115
162
146
174
104
144
119
92
122
40
69
64
74
134
13
81
41
112
69
88
133
33
16
100
104
40
87
11
46
114
36
96
0
65
89
88
80
15
0
18
54
16
15
0
27
85
46
50
19
74
62
40
45
92
106
42
85
79
111
120
108
171
101
171
128
168
136
155
154
79
97
163
58
96
128
185
46
75
131
111
49
52
132
136
84
110
64
136
139
139
90
103
133
147
53
100
113
156
95
104
143
151
123
127
98
102
68
159
69
168
124
119
139
120
60
87
83
132
15
73
51
160
13
104
132
135
30
58
28
106
100
64
54
66
107
98
103
89
111
6
58
135
64
99
79
105
66
80
66
141
130
193
207
298
222
320
331
306
290
323
339
285
439
452
437
474
512
503
412
510
466
535
422
472
528
517
543
581
643
570
594
580
611
646
642
696
701
736
762
816
825
890
880
791
806
787
866
770
890
812
848
802
915
784
835
899
910
961
915
982
937
1011
1048
1063
1084
1124
1116
1141
1149
1139
1216
1163
1133
1196
1200
1303
1302
1288
1351
1321
1379
1264
1394
1311
1339
1367
1343
1361
1361
1365
1386
1311
1302
1332
1292
1291
1315
1281
1337
1333
1329
1277
1306
1276
1350
1314
1313
1333
1310
1375
1333
1401
1493
1455
1492
1599
1606
1613
1623
1618
1632
1671
1702
1675
1720
1675
1632
1701
1726
1671
1714
1700
1761
1750
1679
1729
1678
1687
1656
1681
1712
1696
1716
1725
1783
1779
1745
1752
1836
1789
1816
1847
1859
1796
1886
1799
1855
1830
1844
1788
1832
1790
1872
1891
1795
1801
1815
1767
1816
1783
1771
1717
1682
1785
1712
1736
1706
1750
1729
1743
1768
1734
1751
1748
1741
1730
1760
1786
1773
1698
1793
1772
1745
1717
1767
1774
1701
1664
1720
1755
1741
1701
1706
1761
1732
1722
1644
1673
1793
1735
1725
1711
1758
1811
1720
1769
1809
1799
1787
1713
1763
1751
1774
1713
1773
1772
1760
1774
1756
1751
1752
1707
1720
1719
1676
1708
1664
1678
1721
1700
1655
1676
1677
1640
1626
1682
1704
1611
1599
1656
1708
1648
1630
1598
1638
1626
1672
1655
1680
1684
1583
1642
1682
1683
1650
1638
1652
1629
1686
1651
1693
1642
1600
1669
1659
1628
1666
1642
1668
1616
1626
1644
1629
1648
1671
1645
1681
1652
1688
1658
1669
1672
1628
1621
1659
1690
1692
1621
1668
1593
1674
1620
1682
1658
1648
1649
1620
1650
1671
1665
1684
1680
1687
1701
1694
1708
1702
1728
1751
1721
1741
1703
1648
1676
1764
1717
1694
1662
1677
1673
1692
1667
1648
1651
1590
1626
1624
1635
1584
1555
1594
1621
1650
1582
1588
1545
1578
1556
1570
1539
1575
1551
1553
1540
1593
1540
1524
1534
1580
1537
1553
1543
1600
1578
1547
1547
1568
1554
1544
1505
1533
1552
1552
1517
1542
1547
1563
1530
1576
1587
1619
1568
1632
1575
1560
1558
1610
1566
1609
1546
1589
1588
1582
1547
1570
1584
1576
1529
1558
1532
1574
1584
1554
1532
1622
1515
1589
1556
1594
1563
1562
1508
1557
1501
1555
1482
1563
1500
1470
1485
1483
1486
1495
1466
1471
1490
1575
1455
1510
1488
1535
1437
1474
1479
1520
1444
1468
1481
1518
1412
1521
1485
1435
1430
1513
1468
1465
1452
1531
1462
1455
1483
1406
1469
1494
1464
1410
1467
1525
1447
1478
1480
1476
1469
1505
1411
1451
1439
1472
1437
1437
1452
1457
1459
1413
1431
1404
1409
1424
1409
1388
1421
1550
1516
1452
1556
1634
1548
1646
1561
1562
1625
1685
1617
1658
1668
1659
1696
1757
1646
1688
1716
1725
1685
1719
1673
1731
1752
1709
1751
1739
1786
1661
1713
1790
1742
1885
1785
1792
1820
1822
1809
1734
1756
1829
1846
1803
1792
1783
1910
1825
1820
1820
1804
1919
1906
1832
1845
1898
1887
1915
1878
1906
1929
1977
1968
2026
2027
2116
1981
2037
2038
2009
1998
2092
2046
1978
2017
1984
1957
1965
1955
1957
1905
1949
1862
1917
1979
1897
1945
1845
1836
1882
1840
1810
1788
1801
1731
1783
1734
1805
1727
1690
1716
1616
1589
1619
1589
1583
1540
1517
1500
1562
1581
1455
1449
1488
1481
1459
1494
1405
1430
1329
1373
1336
1304
1313
1362
1259
1231
1210
1268
1240
1264
1217
1192
1191
1184
1186
1086
1066
1154
1029
1013
1078
1051
970
964
991
983
947
867
946
915
899
795
796
852
795
789
794
752
654
664
733
627
633
600
575
556
603
531
554
528
530
471
464
443
387
416
410
378
373
369
260
293
232
258
253
252
220
167
154
186
199
129
175
98
40
34
39
0
0
0
23
0
0
0
0
0
0
0
0
0
0
0
0
0
0
0
0
0
0
0
0
0
0
0
0
0
0
0
0
0
0
0
0
0
0
0
0
0
0
0
0
0
0
0
0
0
0
0
0
0
0
0
0
0
0
0
0
0
0
0
0
0
0
0
0
0
0
0
0
0
0
0
0
0
0
0
59
190
224
252
371
379
409
499
480
546
642
737
818
807
919
955
926
1078
1113
1133
1170
1202
1272
1436
1481
1437
1500
1637
1622
1632
1692
1719
1740
1800
1813
1928
1867
1853
1923
1938
1923
1873
1846
1919
1907
1934
1933
1972
1985
1925
1982
1971
1931
1963
1982
1952
2034
2042
2021
2043
2058
2084
2096
2109
2195
2195
2167
2206
2243
2212
2173
2257
2286
2289
2273
2333
2287
2333
2299
2254
2266
2288
2314
2285
2268
2206
2240
2185
2186
2163
2224
2222
2136
2203
2124
2141
2140
2217
2192
2193
2194
2124
2126
2128
2057
2086
2085
2054
2083
2054
2002
1976
1957
2016
2062
1989
1912
2009
2042
2003
1911
2005
1989
2002
1924
1923
1872
1962
1953
1943
1980
1972
1983
1984
1992
2041
2043
1975
2027
2063
2094
2043
2069
2155
2114
2035
2044
2058
2031
2077
2085
2128
2096
2080
2033
2098
2110
2031
2008
2054
1972
2037
2023
1996
2022
2042
2045
1995
1981
2043
1945
1928
1989
1972
1912
1957
1976
1907
1979
1945
1948
1970
1950
1915
1891
1930
1938
1937
1930
1935
1986
1934
1999
1997
2013
1964
1968
1945
1984
1991
1968
2012
1972
1985
1933
1899
1965
1916
1889
1955
1911
1979
1880
1945
1958
1987
1900
1885
1939
1962
1957
1936
1888
1877
2005
1928
1922
1979
1952
1941
1962
2070
2016
2060
2038
2033
2059
2025
2068
2022
2070
2103
2031
2035
2028
1976
2051
1975
2025
2009
2010
2007
2022
1899
1980
1997
1983
2018
1945
1976
1961
1991
1926
1938
1940
1951
1949
1919
1935
1949
1952
1886
1937
1908
1952
1992
1945
1942
1917
1903
1933
1916
1949
1936
1899
1934
1911
1897
1908
1920
1923
1913
1883
1849
1904
1907
1905
1931
1910
1954
1882
1913
1884
1914
1896
1856
1879
1876
1876
1855
1868
1859
1862
1855
1858
1884
1850
1887
1861
1874
1866
1830
1824
1853
1851
1808
1841
1822
1801
1782
1803
1825
1802
1809
1743
1802
1815
1761
1755
1788
1786
1740
1754
1853
1804
1762
1762
1798
1780
1772
1776
1824
1797
1822
1785
1817
1816
1852
1831
1809
1850
1870
1830
1824
1826
1838
1838
1851
1792
1846
1820
1793
1794
1827
1767
1802
1775
1760
1770
1806
1777
1711
1742
1698
1740
1792
1769
1712
1727
1802
1752
1768
1729
1749
1706
1689
1694
1785
1712
1702
1691
1741
1700
1718
1682
1708
1699
1700
1673
1663
1722
1679
1694
1742
1693
1699
1691
1714
1689
1665
1611
1670
1666
1652
1670
1627
1663
1665
1641
1665
1664
1641
1638
1686
1657
1755
1735
1807
1774
1887
1870
1885
1845
1895
1900
1952
1922
2072
1948
1958
1937
2029
2001
1975
2024
2034
2038
2081
2071
2028
2059
2044
2043
2145
2101
2127
2085
2140
2180
2237
2145
2192
2134
2184
2232
2192
2275
2212
2152
2152
2179
2223
2267
2198
2212
2249
2225
2152
2224
2308
2210
2198
2213
2337
2202
2218
2201
2300
2353
2302
2265
2214
2264
2206
2253
2272
2237
2139
2116
2180
2097
2149
2156
2107
2050
2093
2097
2146
2035
2078
2034
1999
1946
1989
1911
1936
1931
1886
1900
1826
1829
1868
1821
1787
1708
1785
1736
1726
1605
1647
1679
1559
1597
1628
1619
1542
1504
1549
1504
1460
1368
1415
1387
1330
1291
1367
1285
1297
1184
1172
1238
1149
1131
1078
1001
1088
1050
1047
1017
950
904
968
962
818
886
838
843
833
816
745
717
712
736
686
671
620
629
640
546
530
484
508
411
446
472
460
358
325
411
379
302
207
274
250
182
154
130
161
90
175
134
112
25
106
68
0
45
0
69
0
0
0
0
0
0
0
0
0
0
0
0
0
0
0
0
0
0
0
0
0
0
0
0
0
0
0
0
0
0
0
0
0
0
0
0
0
0
0
0
0
0
0
0
0
0
0
0
0
0
0
0
0
0
0
0
0
0
0
0
0
0
0
0
0
0
0
0
0
0
0
0
0
0
0
0
0
0
0
0
0
0
0
0
0
0
0
0
0
0
0
0
0
0
0
0
0
0
0
0
0
0
0
0
0
0
0
0
0
0
0
0
0
0
0
0
0
0
0
0
0
0
0
0
0
0
0
0
0
0
0
0
0
0
0
0
0
0
0
0
0
0
0
0
0
0
0
0
0
0
0
0
0
0
0
0
0
0
0
0
0
0
0
0
0
0
0
0
0
0
0
0
0
0
0
0
0
0
0
0
0
0
0
0
0
0
0
0
0
0
0
0
0
0
0
0
0
17
155
193
290
305
361
484
581
697
713
836
901
1001
1095
1198
1285
1331
1272
1343
1422
1484
1552
1575
1564
1667
1632
1691
1689
1807
1821
1764
1818
1845
1878
1787
1818
1923
1883
1835
1846
1835
1831
1849
1879
1908
1927
1874
1919
1962
1946
1966
1969
1962
2072
1983
1951
2019
2051
2096
2102
2062
2071
2185
2148
2154
2225
2205
2153
2176
2171
2142
2115
2091
2208
2162
2146
2188
2180
2290
2185
2242
2290
2177
2248
2210
2208
2294
2217
2222
2270
2310
2300
2320
2277
2343
2316
2286
2230
2217
2268
2261
2205
2173
2219
2210
2124
2153
2194
2213
2167
2173
2160
2116
2125
2114
2109
2128
2100
2176
2084
2123
2087
2171
2120
2094
2081
2150
2046
2145
2116
2107
2109
2160
2146
2080
2098
2064
2082
2045
2117
2028
2051
2081
2036
2081
2055
2028
2047
2100
2005
2026
2039
2045
2097
2017
2021
1973
2060
1987
1989
2031
1991
2039
1988
2006
1997
1974
1988
2028
1991
2001
2006
1997
2003
2000
1968
1980
1979
1962
1970
1905
1962
2017
1959
1928
1934
1966
1940
1981
1958
1975
1976
1979
1968
2029
1987
2020
1973
1969
1997
1947
1983
1957
1954
1947
1960
1986
1978
1986
1929
1983
1927
1945
1923
1944
1956
1947
1889
1981
1943
1945
1936
1947
1929
1975
1964
1919
1975
2001
1925
1946
1952
1954
1961
1937
1924
1912
1879
1900
1888
1907
1877
1868
1894
1886
1858
1834
1847
1856
1849
1839
1835
1875
1878
1890
1898
1893
1870
1893
1870
1883
1886
1883
1858
1907
1873
1934
1885
1902
1885
1908
1911
1907
1888
1930
1908
1930
1936
1959
1910
1890
1931
1883
1943
1992
1947
1988
1961
1930
1919
1945
1911
1934
1936
2030
1973
1922
1917
1945
1886
1825
1873
1965
1904
1914
1875
1852
1890
1907
1895
1915
1902
1948
1898
1948
1879
1873
1851
1880
1852
1878
1808
1840
1813
1800
1793
1881
1836
1899
1829
1876
1803
1837
1836
1800
1808
1934
1833
1839
1820
1826
1853
1820
1763
1829
1778
1759
1783
1746
1844
1849
1772
1793
1748
1746
1729
1793
1723
1716
1693
1754
1738
1611
1730
1750
1664
1619
1663
1783
1669
1712
1641
1663
1675
1647
1639
1644
1606
1668
1683
1651
1582
1711
1642
1622
1620
1739
1703
1766
1632
1698
1629
1702
1557
1704
1589
1591
1623
1648
1651
1634
1629
1677
1679
1639
1652
1584
1735
1755
1870
1881
1858
1919
1960
1980
1909
1923
1990
1908
1981
1985
2028
2051
1970
2072
2108
2077
2042
2112
2141
2130
2211
2171
2148
2140
2183
2167
2162
2242
2262
2234
2229
2224
2193
2241
2320
2219
2222
2188
2214
2194
2213
2219
2170
2235
2140
2190
2212
2184
2155
2226
2206
2117
2187
2184
2060
2099
2027
2123
2083
2004
2116
2086
1992
1982
1987
1945
1904
2011
1981
1863
1833
1890
1839
1816
1826
1812
1836
1749
1694
1748
1682
1710
1712
1738
1622
1607
1588
1644
1577
1551
1534
1576
1468
1500
1467
1451
1397
1388
1371
1316
1296
1235
1227
1272
1216
1240
1160
1138
1185
1066
1077
1106
1015
1016
1001
966
948
909
847
835
806
848
832
774
699
693
663
695
632
670
599
573
532
506
557
506
472
439
514
444
293
366
358
306
267
321
227
173
244
269
140
160
81
119
86
50
83
0
0
0
0
0
0
0
0
0
0
0
0
0
0
0
0
0
0
0
0
0
0
0
0
0
0
0
0
0
0
0
0
0
0
0
0
0
0
0
0
0
0
0
0
0
0
0
0
0
0
0
0
0
0
0
0
0
0
0
0
0
0
0
0
0
0
0
0
0
0
0
0
0
0
0
0
0
0
0
0
0
0
0
0
0
0
0
0
0
0
0
0
0
0
0
0
0
0
0
0
0
0
0
0
0
0
0
0
0
0
0
0
0
66
125
230
258
384
423
526
555
702
813
843
888
1013
1076
1145
1183
1265
1355
1454
1467
1529
1615
1650
1725
1732
1715
1841
1835
1829
1883
1894
1879
1926
1925
1924
1911
1955
1963
2000
2009
1948
1996
2047
2035
2100
1998
2066
2096
2097
2084
2055
2116
2158
2112
2106
2149
2214
2077
2098
2144
2120
2081
2098
2080
2105
2003
2081
2084
2062
2057
2031
2033
2100
2056
2004
2033
2047
2071
2072
2073
2076
2032
2058
2035
2026
2039
2043
1984
1968
2014
2001
1965
2015
2023
2019
1948
2013
1924
1948
2007
2019
1972
2051
2008
2028
2019
2079
1951
2067
2039
2017
2018
2066
2069
2102
1985
2052
2110
2082
2070
2107
2033
2112
2027
2074
2067
2129
2080
2087
2031
2100
2037
2056
2026
2040
2074
2032
2039
2015
2060
2020
2040
2021
2092
1977
1983
2067
1978
2072
1983
2021
1956
1965
1965
2000
2014
1991
1935
2001
2006
2016
1965
2006
1968
2001
1949
1977
1939
1937
1996
1939
1986
2014
1955
1981
1923
1983
1909
1941
1996
1953
2000
1979
1965
2002
1990
1986
1936
2024
1979
1928
1966
2029
1996
1926
1954
1957
1937
1947
1951
1974
1964
2038
1906
1999
1921
1973
1912
1902
1894
1924
1908
1928
1926
1872
1889
1942
1863
1916
1874
1901
1880
1908
1874
1871
1890
1891
1903
1899
1882
1878
1921
1864
1915
1963
1905
1864
1938
1975
1917
1912
1914
1942
1972
1975
1964
1998
2018
2015
1945
2028
1994
1949
1955
1938
1978
1913
1964
1992
1971
1927
1911
1926
1910
1957
1905
1920
1900
1889
1930
1889
1893
1883
1875
1853
1857
1878
1921
1908
1902
1910
1886
1841
1901
1902
1929
1910
1900
1886
1919
1917
1894
1902
1919
1899
1928
1903
1919
1901
1928
1878
1874
1919
1888
1890
1841
1903
1824
1851
1867
1849
1811
1819
1852
1855
1830
1809
1826
1819
1801
1803
1794
1797
1798
1804
1776
1792
1756
1736
1804
1807
1750
1740
1717
1776
1749
1753
1727
1756
1696
1736
1699
1747
1737
1713
1706
1741
1698
1732
1731
1775
1720
1708
1705
1747
1707
1735
1674
1809
1716
1759
1680
1698
1680
1786
1719
1742
1730
1715
1695
1755
1683
1751
1675
1710
1697
1687
1730
1720
1681
1664
1701
1625
1682
1722
1683
1630
1682
1729
1707
1693
1681
1686
1689
1714
1720
1723
1682
1755
1656
1684
1718
1770
1668
1754
1708
1718
1684
1668
1713
1763
1666
1688
1680
1706
1660
1740
1706
1653
1690
1741
1671
1715
1679
1712
1691
1719
1737
1750
1690
1695
1694
1734
1679
1678
1732
1692
1689
1739
1716
1726
1713
1705
1751
1727
1780
1847
1753
1758
1740
1751
1726
1759
1777
1752
1801
1773
1787
1780
1797
1820
1666
1807
1807
1821
1800
1808
1771
1839
1861
1840
1879
1884
1841
1873
1814
1917
1839
1863
1872
1982
1962
1987
1925
1928
2006
2020
2016
2076
2046
2021
2024
2063
2141
2107
2068
2162
2137
2138
2176
2165
2122
2163
2226
2189
2218
2131
2134
2135
2144
2157
2112
2158
2153
2164
2143
2131
2111
2126
2074
2159
2080
2034
2063
2103
2123
2063
2076
2017
1926
2043
2016
2043
1963
1959
1954
1895
1916
1885
1904
1828
1842
1883
1807
1730
1733
1764
1777
1713
1694
1728
1648
1646
1629
1596
1520
1562
1519
1527
1508
1468
1443
1467
1422
1384
1382
1370
1300
1293
1278
1244
1195
1260
1176
1113
1137
1108
1134
1120
1071
1052
1012
1016
994
921
1015
896
886
852
794
739
720
744
776
647
619
675
568
572
520
520
503
498
451
454
447
350
333
345
295
262
271
227
192
156
107
98
138
58
17
43
47
11
0
0
0
0
0
0
0
0
0
0
0
0
0
0
0
0
0
0
0
0
0
0
0
0
0
0
0
0
0
0
0
0
0
0
0
0
0
0
0
0
0
0
0
0
0
0
0
0
0
0
0
0
0
0
0
0
0
0
0
0
71
173
244
274
298
423
491
561
617
732
776
859
896
950
973
1070
1125
1155
1222
1300
1319
1419
1388
1470
1471
1589
1619
1546
1636
1656
1748
1798
1740
1779
1867
1804
1877
1840
1858
1944
1982
1915
1918
1964
2020
2018
2032
2054
2104
2054
2120
2140
2096
2085
2164
2216
2192
2152
2238
2242
2186
2286
2235
2278
2261
2276
2254
2198
2236
2229
2245
2196
2243
2266
2255
2196
2205
2236
2217
2204
2301
2240
2208
2206
2209
2177
2210
2184
2236
2199
2113
2106
2199
2148
2133
2130
2098
2093
2080
2135
2121
2148
2076
2094
2129
2064
2081
2044
2099
2087
2092
2046
2043
2036
2039
2090
2066
2043
2050
2093
2020
2051
2086
2084
2075
2117
2134
2075
2039
2035
2053
2084
2006
1962
2043
2019
1968
1945
1990
1937
2005
1921
1974
1985
1930
1950
1926
1933
1999
1907
1951
1948
1983
1931
1925
1942
1919
1924
1909
1891
1930
1864
1931
1893
1954
1881
1926
1958
1983
1845
1959
1924
1876
1946
1886
1903
1929
1893
1847
1931
1927
1857
1888
1935
1958
1862
1939
1883
1827
1927
1911
1865
1885
1902
1919
1885
1817
1962
1897
1789
1853
1818
1935
1881
1799
1807
1855
1779
1830
1867
1878
1801
1875
1812
1852
1813
1812
1888
1878
1825
1824
1869
1853
1852
1800
1866
1844
1829
1809
1822
1802
1760
1831
1837
1813
1862
1839
1802
1855
1853
1894
1871
1934
1936
1908
1861
1979
1962
1912
1937
1970
1983
1928
1946
1930
1986
1961
1874
1859
1881
1889
1874
1850
1904
1899
1843
1817
1882
1862
1842
1893
1880
1855
1822
1870
1882
1902
1882
1881
1871
1879
1852
1861
1876
1897
1895
1892
1870
1865
1864
1843
1841
1897
1899
1821
1859
1865
1862
1913
1795
1808
1815
1921
1798
1771
1814
1838
1765
1776
1789
1836
1811
1787
1828
1834
1824
1777
1832
1849
1825
1830
1841
1897
1810
1792
1814
1853
1801
1825
1819
1792
1822
1745
1781
1816
1841
1762
1785
1823
1793
1791
1778
1808
1788
1825
1802
1829
1787
1783
1811
1840
1814
1845
1790
1785
1800
1852
1773
1826
1794
1787
1783
1729
1805
1809
1789
1769
1802
1846
1800
1758
1776
1773
1787
1784
1745
1752
1819
1771
1791
1776
1814
1726
1715
1797
1753
1761
1742
1784
1775
1778
1738
1757
1765
1791
1767
1774
1784
1771
1775
1769
1771
1776
1771
1757
1794
1772
1774
1816
1778
1781
1794
1816
1758
1802
1825
1789
1787
1832
1815
1790
1832
1864
1825
1791
1788
1851
1832
1872
1817
1808
1771
1801
1820
1749
1864
1848
1824
1886
1799
1816
1840
1843
1808
1825
1802
1852
1835
1923
1912
1955
1986
2078
2036
2106
2084
2202
2088
2116
2128
2201
2158
2210
2169
2246
2224
2236
2236
2250
2243
2260
2242
2350
2286
2267
2368
2340
2350
2344
2329
2315
2359
2350
2322
2354
2378
2372
2348
2462
2389
2373
2389
2357
2412
2394
2352
2384
2428
2429
2383
2461
2406
2421
2417
2451
2374
2460
2376
2397
2357
2355
2405
2425
2328
2410
2334
2366
2309
2375
2288
2257
2320
2319
2306
2178
2263
2295
2256
2146
2206
2211
2134
2176
2098
2039
2068
2056
1987
2061
1961
2023
1957
1956
1906
1883
1898
1918
1821
1816
1827
1773
1788
1770
1727
1699
1734
1647
1616
1589
1600
1643
1530
1502
1511
1470
1411
1432
1474
1380
1441
1362
1359
1262
1252
1249
1149
1239
1122
1101
1049
1115
1051
1035
974
997
962
932
863
915
882
863
804
745
717
647
686
679
594
549
539
517
529
460
440
422
402
339
414
347
319
283
251
231
195
266
223
169
192
160
128
160
98
128
121
29
123
121
63
42
120
112
83
24
15
79
70
54
71
13
23
20
0
0
13
0
0
0
0
0
0
0
0
0
0
0
0
0
0
0
0
0
0
0
0
0
0
0
0
0
0
0
0
0
0
0
0
0
0
0
0
0
0
0
0
0
0
0
0
0
0
0
0
0
0
0
0
0
0
0
0
0
0
0
0
0
0
0
0
0
0
0
0
0
0
0
0
0
0
0
0
0
0
0
0
0
0
0
0
0
0
0
0
0
0
0
0
0
0
0
36
16
64
105
235
288
347
372
417
487
586
583
675
781
868
965
1020
1077
1163
1218
1240
1296
1442
1496
1544
1584
1595
1691
1769
1768
1848
1820
1796
1910
1983
1908
1986
2028
2056
2074
2032
2130
2132
2086
2152
2096
2127
2120
2158
2228
2204
2203
2216
2254
2244
2235
2113
2099
2128
2126
2143
2126
2185
2101
2118
2128
2044
2164
2038
2123
2067
2112
2112
2162
2159
2146
2157
2116
2134
2099
2196
2121
2173
2164
2122
2165
2176
2109
2140
2106
2186
2179
2133
2152
2113
2148
2212
2163
2141
2164
2184
2150
2195
2194
2158
2123
2135
2128
2144
2168
2144
2120
2219
2116
2196
2170
2190
2187
2110
2160
2190
2182
2103
2105
2195
2157
2185
2158
2161
2124
2122
2195
2166
2170
2165
2129
2138
2189
2140
2196
2157
2129
2156
2075
2113
2171
2196
2113
2144
2176
2194
2123
2092
2096
2199
2178
2155
2068
2154
2090
2101
2132
2084
2154
2117
2096
2106
2139
2138
2058
2116
2058
2083
2032
2041
2128
2124
2055
2045
2056
2093
1975
2061
2043
2155
2091
2093
2152
2110
2147
2138
2113
2148
2146
2143
2134
2176
2126
2156
2148
2181
2119
2156
2133
2216
2129
2160
2128
2179
2085
2103
2187
2102
2098
2096
2105
2132
2070
2046
2058
2050
1999
2019
2077
2004
2062
2047
1979
1985
2058
2107
2023
2104
2047
2024
2012
2021
2073
2080
1982
2026
2065
2069
1996
2027
2071
1993
1996
1991
2018
2065
2002
2018
2003
2067
2079
2022
2050
2089
2044
2046
2091
2084
2081
2057
2046
2088
2082
2080
2064
2112
2076
2128
2043
2069
2054
2077
2043
2113
2059
2028
2072
2098
2013
2099
2064
1988
2007
2061
2067
2073
2026
2053
2016
1979
2025
2010
2004
2024
1975
1954
2006
1956
1954
2007
1959
1983
2002
1973
1941
1900
1935
1936
1958
1962
1935
1979
1976
1981
1899
1934
1961
2011
1961
1986
1955
1983
1965
2003
1968
1956
1987
1996
1971
1973
Channel 1 Data:
548
1160
1268
731
1211
1301
1444
1490
1028
1687
1019
591
1527
655
1037
755
726
1678
817
1870
1240
1215
944
1969
1693
870
578
1334
1246
628
1184
1971
1182
1488
745
1079
948
893
1147
434
912
939
1008
773
919
66
1419
387
1280
885
1096
707
1110
1109
811
682
1128
951
969
1664
1182
1707
866
870
1271
1230
891
1673
1075
830
810
831
1364
1011
950
1092
1193
1451
799
859
1123
1447
508
993
1048
976
829
1962
561
837
1343
1301
546
1364
1303
1387
1099
1194
727
1091
1351
1178
967
1705
844
1266
651
1316
664
1015
1089
675
1102
974
1065
1457
659
1004
1288
1201
999
1457
1019
1382
922
1629
702
1385
1613
1158
994
1501
897
1423
1096
885
1422
1399
1254
1190
1035
994
807
1338
1088
1128
1140
1543
937
1999
608
1238
1232
845
1405
1368
627
2172
952
710
1285
911
1220
1476
647
1448
1158
1966
1152
849
680
1860
817
1401
1792
759
1053
883
893
1892
885
1878
848
1652
602
851
1530
1582
1363
1389
1385
1324
786
989
1145
1481
965
838
787
1347
1149
1584
1029
481
962
1059
1144
1897
1101
754
1057
1364
1299
1462
1319
1850
910
1219
427
786
876
1152
755
1845
1108
1304
1294
1842
423
1291
864
1385
1233
1917
1030
2750
964
1569
931
1344
1120
1897
1001
1240
1260
1454
1111
1239
1348
2525
331
1883
1194
896
904
2101
1323
997
2492
1458
802
1877
1446
2107
990
1676
1072
3086
1895
1422
1343
1589
1445
695
712
1771
1059
2242
2010
1895
1802
2075
651
2125
192
1015
2651
1931
2102
266
2375
2159
1070
1408
0
1109
1123
1728
564
1520
1796
813
1693
1563
858
1323
1263
1531
1741
1144
619
710
892
780
1307
954
2054
1932
1994
2032
1207
1189
1587
1323
1521
1639
1693
802
525
1130
1352
1019
1282
1858
1604
1356
1154
1933
1493
2050
1103
1582
1132
1548
1469
376
513
1327
1214
2029
429
1427
761
1284
1761
1578
1688
1313
1339
2064
1722
847
1609
1051
1438
2188
1170
2101
885
1775
2018
1919
2036
752
719
648
1434
974
1234
860
1372
2247
1028
1550
536
1577
1250
1172
1218
1600
1472
1099
1261
1155
1174
1425
1267
2115
849
1921
1337
1431
1284
1694
1586
811
1034
1654
780
985
861
2374
853
1070
2205
1221
629
881
1320
1536
860
1404
891
1492
888
1667
1091
1124
1181
1065
571
1097
1143
2077
992
1253
1541
2025
1236
1129
1452
1439
811
1667
918
1661
1730
1169
1309
1259
784
771
1275
1315
471
1245
766
1889
517
1210
1907
1756
977
759
894
1405
1742
1278
964
681
1343
1012
1245
875
1435
484
443
1712
1149
1397
1283
1233
1222
966
97
880
562
999
1027
1978
893
1738
2080
1413
840
990
867
0
1625
1616
1333
1650
1936
1083
790
1327
616
1450
481
564
461
993
999
1013
1925
825
1134
1122
1120
1320
1027
641
879
876
1151
1362
1144
1816
1005
539
826
503
1370
933
2139
1081
1043
998
2181
427
755
1745
1406
1553
890
806
1089
1508
1274
1434
1490
983
2117
1339
1581
1364
1593
757
623
1085
652
1501
1613
1230
1883
1034
1961
703
2036
426
871
1322
1217
1106
1423
1582
1863
1353
952
1353
1239
952
1867
1293
1997
1450
1585
495
1080
388
1316
1450
1260
881
447
1293
297
1168
1958
370
849
1587
1386
1229
1076
1217
1085
656
1667
1144
1063
1313
524
809
1304
523
1463
1578
1746
1470
743
1347
968
641
989
998
1417
402
681
497
1556
975
1333
1017
1665
953
1067
1070
1383
961
1397
1035
877
1093
1104
436
947
512
1767
1607
981
1129
1190
134
1063
640
864
337
374
1634
818
941
1239
1662
1241
1011
1660
1174
917
888
1041
697
1195
1191
888
54
1290
1225
845
751
925
834
579
389
1056
1291
1022
943
733
1293
788
631
611
334
2223
671
991
498
1192
954
903
825
1589
906
1542
497
1287
599
1209
294
968
717
1060
622
1087
677
1569
1003
358
964
1064
1084
895
903
1615
1291
1103
871
1038
915
794
1039
1755
445
776
1159
1610
960
976
463
1027
984
1487
970
1251
1238
523
662
962
1024
931
692
872
428
1420
777
1395
998
1016
1125
1643
785
807
869
1291
695
1014
1156
1246
824
460
848
1392
957
628
822
868
1012
692
828
1099
866
1074
936
1419
731
922
1083
1290
1096
1047
1262
1121
898
1136
1041
1129
1015
1148
521
698
859
565
740
944
811
447
814
532
926
1300
1090
938
459
886
615
1259
1064
871
957
565
816
894
1535
390
658
881
1181
1399
885
1012
747
829
536
1313
540
967
1210
1030
1024
1233
895
768
376
1323
681
772
937
1489
1050
1429
871
1226
506
903
564
1115
885
1193
664
959
982
1040
670
1483
1092
1270
900
1930
997
706
706
1268
923
1507
681
821
1061
1009
580
974
943
673
784
1277
534
1674
1113
1245
760
1665
409
1551
1033
1415
1174
1930
800
1319
898
1636
716
1632
1048
984
1111
902
976
2220
821
1123
1402
1926
1044
1883
868
1886
859
820
1357
1789
961
1244
1017
1524
591
2158
1028
218
584
1469
898
698
935
2840
1137
745
1199
0
1322
1357
1676
560
905
1495
938
1183
1375
1574
1504
2016
406
985
1126
2149
1461
1127
800
1092
1505
727
1269
1106
930
939
866
362
790
2260
1246
0
1113
1824
737
1960
983
872
1508
1628
1174
829
1322
1192
1420
2343
758
887
1456
1335
649
1082
558
2151
2176
528
911
1526
1979
525
814
1940
1182
2856
1329
1991
2231
1784
1278
1028
973
2045
1657
2339
1142
926
2435
1889
1385
630
652
1457
1832
1176
818
1194
1974
1262
769
1329
1152
1469
1061
1260
1163
2572
27
1110
2053
1099
1035
1952
1431
972
1487
1606
608
1359
925
1619
678
2119
307
1398
2156
1446
2094
1237
537
1676
1241
909
978
1971
1140
1704
1320
2736
1627
1667
1830
792
1017
1672
1319
1304
986
1443
692
1653
2598
905
1036
1841
1893
1740
2343
1298
1931
771
1642
1704
1199
1736
2236
1239
816
693
1559
1522
2063
1919
1621
2229
1562
2011
1438
1146
2203
1251
933
1866
2210
1773
1268
1463
2522
1827
1131
1941
1336
1532
776
1256
1732
1341
1447
2154
1683
510
1252
2058
693
1392
1387
1252
939
1478
1213
1643
1739
2121
1247
1524
1349
1158
1528
2110
1806
1594
1951
925
1145
905
1285
1034
1669
1588
938
1610
1766
2343
1514
3029
702
1052
1092
1046
1178
1074
1022
1964
1774
1423
1303
1385
1815
1653
779
1666
131
1259
1017
1776
2389
1424
2110
1892
1536
2062
1135
892
1406
2542
1654
1984
962
1630
1394
1932
1179
600
2459
879
1325
1756
1867
1524
1435
1659
866
1616
1853
1430
1441
1451
1717
966
2265
1387
1378
1751
2054
1896
1089
1659
1443
757
1690
1943
1070
1699
1360
1122
1139
2335
1597
2015
1420
1914
1350
2182
1423
1257
3136
2069
1123
1803
2222
1386
672
1720
1337
1410
1504
1332
1077
1145
1680
2310
787
1604
1439
745
2073
1565
993
1460
988
628
1800
1243
789
849
1329
1403
1114
1463
1146
1175
1856
1091
1847
1075
1029
1950
1755
1380
854
654
1900
1249
1255
1427
1521
1931
821
1621
1662
962
1704
1180
1191
1601
1186
279
800
896
1225
1708
1221
1829
1605
1590
1992
1928
629
873
1408
1399
899
1124
1660
542
1853
606
1065
870
855
1349
1710
1574
621
973
659
611
393
1444
1580
721
1056
966
869
846
1468
1127
1135
1315
1275
1145
1480
589
636
795
518
1963
1127
1173
696
572
1468
1833
920
392
1350
2000
1418
525
1520
1088
2050
216
868
374
1344
834
929
1082
1202
1180
520
1197
1605
1148
785
1500
659
777
871
767
2321
1051
407
923
833
124
652
1323
1668
1002
741
541
1869
1747
1065
809
1599
470
2047
1118
1071
1334
1212
1639
1314
623
1915
549
925
768
812
698
1077
978
415
1263
1075
986
1189
1539
1079
579
1158
898
1272
562
361
1424
679
614
1812
1183
895
742
1028
1006
1054
1010
1423
986
884
610
730
1152
651
270
1135
329
1391
646
923
849
932
436
895
611
1054
1187
1592
859
330
1578
1269
728
1450
1506
1515
914
1967
899
1628
880
526
710
1010
1088
786
1109
1544
897
1205
621
873
1517
906
1038
845
1035
1034
1131
451
768
1557
898
1166
953
1523
1097
1449
903
1163
517
1099
995
1154
931
1004
1278
830
736
434
891
1527
1149
856
373
921
895
885
1024
1507
940
1010
794
1051
786
1142
1445
1223
867
586
1272
853
602
930
802
1095
928
889
1331
646
1114
941
914
1230
1268
655
1132
930
1107
771
772
1349
771
1566
662
627
872
963
943
1075
692
986
1142
1099
1130
1200
1084
1200
1142
1425
498
1089
1439
1237
803
1137
1049
1074
1238
1770
1125
933
675
846
975
837
889
1244
1088
1153
888
1239
1080
1345
1070
999
718
1454
1046
934
856
1169
1043
1782
424
1910
1476
1339
795
1501
597
1714
1175
1340
1124
2178
822
544
733
1304
1456
1922
1074
1131
993
2205
1795
1682
983
1219
345
743
590
1147
871
877
561
1459
759
1012
916
1122
718
743
1180
616
674
846
1122
1982
861
1287
881
1611
1025
1063
753
1646
1062
908
823
1110
1022
1100
1121
1657
1153
1568
1098
2344
649
2050
1143
2686
1016
1996
1298
1630
516
996
1131
1309
774
2529
851
467
787
1700
917
718
1365
1366
1057
1434
1542
1496
943
1312
690
1760
1404
1351
1359
1157
1762
2699
1554
1523
931
1530
1529
1376
2170
1457
799
1123
1145
1682
1913
714
1037
1784
1284
629
737
1748
991
1451
1152
2349
1168
1624
987
2262
2884
2306
2098
1652
1764
1146
2273
2709
1997
817
1135
1569
449
818
1243
1765
593
647
1442
2447
1398
1227
1350
1231
383
1575
549
1828
1546
1324
1684
1315
1332
1770
1860
1833
536
1535
1520
2209
327
1950
2438
1851
1726
2463
2129
1836
2123
2367
1934
1495
1119
1806
1896
1260
1364
2530
1503
2120
795
1191
1892
973
1247
1331
410
1336
1074
1860
1569
891
435
2013
1969
469
1772
1599
1548
1768
2071
2055
1317
1571
1261
1616
1665
1555
1454
2112
1639
1944
842
2848
617
1616
1921
2493
1165
1378
2976
2445
2397
1326
1958
2164
1264
1445
786
1611
829
2548
1785
1410
1231
2178
1020
1045
1866
585
1877
1110
1038
1933
2047
1414
1490
1161
986
1782
2135
1801
916
2160
1265
2061
1132
2060
1714
1202
1703
1572
2046
1864
1649
790
1815
892
2064
1215
1735
1040
1431
2172
931
2060
1956
1443
1185
1625
1659
2126
1755
1658
1395
1773
1480
1873
1840
2354
976
959
1344
2429
1285
947
1704
2054
1511
967
1097
1986
1314
2016
2130
1538
1398
1629
1599
1188
1454
1252
1695
1926
762
1733
1727
1982
1416
1988
2313
2011
1615
1541
2345
1901
1191
1029
1928
1241
1434
2289
1929
2023
1495
2475
1667
1633
1513
1019
1889
1850
1993
546
1749
2028
1966
1072
903
1663
2433
2000
578
1037
1441
1383
782
1650
897
1961
1342
1534
1857
1641
1591
1454
1765
2004
1865
2006
2117
1199
1613
1220
1172
1510
1370
1403
1633
1932
1832
828
1371
1824
1588
1468
2188
1511
1648
1850
1529
1222
988
2050
1372
1425
1786
1421
1570
1509
2180
2489
2113
2345
1981
1194
1683
2022
1562
2292
2272
2356
2254
1608
1248
1502
1778
1717
1330
1513
1721
1048
1574
1880
1738
2307
2179
1455
2470
1106
1152
1108
1504
1911
1907
2386
1753
947
1559
2269
1565
1617
529
778
1314
1522
1986
795
2011
1209
1281
1518
1739
2134
2301
881
940
1558
1194
1938
1751
794
1925
891
1574
1248
1732
1672
875
1419
1578
1490
1154
1094
2234
1663
1603
1192
950
739
1113
1607
1392
726
945
1168
1600
1087
1929
1269
1766
1939
1134
432
1640
846
1259
1794
1324
643
1778
1445
1371
1965
1686
1085
1606
1352
507
528
380
1218
1447
627
1100
622
2021
1036
2002
1747
584
665
786
627
1180
299
597
1325
1536
1229
1762
972
1636
1360
1387
866
479
1169
1819
959
728
1081
1493
804
1118
675
1896
1427
1518
1326
1229
1350
1157
1486
1169
825
2164
98
1082
1043
1916
1047
534
888
1788
622
1294
994
855
903
1590
1232
1513
1412
623
869
864
1223
1411
1072
1137
1014
1259
1086
859
1079
1536
795
1785
1029
1801
1571
1187
900
695
1253
93
1426
1414
981
1222
978
960
918
1047
1088
1441
762
1137
897
1254
1118
1128
1131
1138
961
791
1072
854
982
1433
1212
880
944
1072
828
1311
1104
1250
968
1494
1021
1785
1180
1105
882
779
925
1284
980
1333
927
858
1120
1463
1092
1178
1165
1696
687
878
1082
1530
1016
949
158
1237
1050
946
1143
1347
1018
1588
1180
819
1028
1690
871
1199
1127
1199
972
1047
1012
1071
930
1040
1074
1173
749
1098
1034
1062
549
1257
934
973
904
975
539
1165
1200
1191
1148
1069
1092
1104
970
1260
1122
1123
999
1192
882
1386
705
1318
978
1092
1120
1094
695
969
1003
1490
1063
1079
1433
1114
1227
956
1163
2262
610
1534
1024
1310
968
987
699
1451
1415
1956
1022
1224
892
1143
564
167
900
2532
1088
2017
923
964
601
979
1086
2220
968
1397
1118
2308
990
893
1215
1961
536
1264
690
1130
820
418
488
1527
888
1693
679
1612
793
948
914
910
790
2317
874
1767
967
1228
1274
1757
523
1200
566
894
1162
772
1543
2148
1015
1050
909
1408
1004
1565
887
1183
1184
1770
1267
32
1520
2732
1008
565
1105
2491
1176
1680
934
1824
1289
1288
970
903
408
2039
1353
1313
82
1540
1304
1347
960
1910
1866
2720
1448
1841
1024
2562
733
1717
518
586
911
1154
1650
915
806
1196
1564
977
1364
288
1444
1482
1464
2008
1827
1963
2200
2345
1192
836
2416
760
1641
735
1557
1460
691
1347
1606
1737
1055
363
1572
1447
1754
1609
996
874
1167
911
1073
2054
2860
1144
1469
1760
931
1498
2940
1753
1562
1032
1338
1541
1287
2444
1108
2189
628
1289
1398
795
2000
2672
1511
1717
1584
2405
226
1523
954
2144
1450
565
2280
2137
1462
1211
1783
1748
205
2127
2228
1550
646
1798
1014
1392
1544
1476
1847
1619
986
1989
1044
2075
1686
2086
808
1332
1109
2227
1842
1734
1608
1791
710
1412
1156
1731
1151
1358
1530
1467
691
834
1504
2368
1032
2178
1328
1739
2521
1090
2142
2863
2042
1658
1897
2238
1719
1337
1524
1669
1375
1805
1955
2087
1103
954
1371
1826
1258
1899
1744
2046
1409
1001
1992
2363
1591
1625
2489
2056
679
2046
1831
1649
1106
2244
1111
611
1400
2797
1162
1773
1270
2213
2065
1453
2141
1340
1489
1327
1514
444
1998
1737
1620
1592
1584
1035
2316
1871
1344
1683
1943
2279
1699
1155
1611
1126
1529
2313
2326
772
1861
1754
904
400
1691
1525
1652
1218
1882
1810
2112
1751
729
1775
1218
2141
1536
1488
1476
1311
914
2518
1521
1855
623
1682
1787
1455
1448
2187
580
1570
1362
1796
2283
2291
2398
1871
1630
1084
2052
2120
2269
2279
1857
1794
1851
1133
1958
2268
819
1305
1902
1731
1793
1306
1971
2066
1948
1536
1810
2039
1316
1925
1390
1392
1648
2789
1635
1886
1705
1316
2344
2048
1684
2464
1573
2340
838
1757
711
2113
1344
1035
1835
1349
1266
1371
2398
1955
2403
2072
1755
1548
1643
944
1677
1812
1870
1159
2460
1637
1318
1462
1344
1129
1992
1515
1397
1535
1348
1776
1834
1759
2369
2030
847
1375
1489
1212
1283
1186
855
870
1644
1452
937
1306
802
942
1647
1111
2109
519
1810
1240
1838
1424
906
1414
2016
1666
972
1588
2282
1705
1177
1341
1426
1183
1610
933
1098
992
1195
1048
999
1150
1443
875
1531
1100
1042
888
1282
1455
1480
1952
1618
1175
1458
1341
1435
1227
1662
797
1149
1397
1100
1077
951
1414
1511
766
1794
314
941
1175
1535
751
1011
1000
1285
1378
1420
393
1433
1470
981
813
1274
1547
1346
941
1301
1755
911
1351
972
802
1769
579
1329
870
1520
1145
1212
919
1687
1312
1786
528
883
943
1801
1093
999
1203
780
1338
1004
1607
915
655
812
922
1847
1182
1221
624
405
597
1339
1064
453
62
1387
1714
1734
1047
1879
898
974
829
1268
851
188
1068
1046
1173
1386
444
859
206
1108
490
1113
861
878
831
1062
1354
1663
775
1762
665
1751
818
573
724
1569
995
856
693
921
740
716
906
1116
795
2376
658
1682
783
1686
596
370
613
414
760
1278
1115
513
644
1285
570
1313
1227
1197
889
1262
1080
879
1076
1314
1202
1021
726
1138
1213
1155
1113
1781
1039
792
1048
1870
944
441
775
912
1193
953
924
1209
1066
1207
690
1062
807
814
1120
640
1078
985
974
1791
1172
618
837
818
770
1314
999
1236
684
659
1395
1218
1091
898
897
658
618
1162
1160
1052
1005
1163
1093
784
923
1075
1118
1194
851
835
532
1083
462
555
1104
780
1076
1116
861
1079
1219
905
694
1044
1257
1498
713
1242
831
1067
1067
1079
666
947
1165
885
998
1074
925
1009
959
1510
1192
1273
1226
1358
1044
1036
868
1190
1245
1272
859
1280
694
1160
820
931
919
1208
646
994
956
1412
910
921
1090
1632
761
1224
1525
1666
981
1084
1048
1373
1154
1349
650
2205
970
1542
844
1380
319
1708
1132
1314
1137
1130
874
1365
834
1723
932
1411
927
828
1188
1402
1054
872
907
103
999
1554
882
553
1099
1579
1441
1527
956
1278
1221
1787
1595
1455
1480
1931
1047
758
1387
1791
833
1814
1047
1655
1034
1123
1248
1824
1225
1424
685
1021
989
1871
1107
1090
1436
2336
1147
1938
990
1996
993
1894
1552
1726
1014
1146
1048
2074
1271
1265
1426
1400
1223
1743
1107
1990
1244
1051
1337
1186
1506
2340
1252
900
1066
1476
908
1313
1173
1565
1145
1438
1614
1537
1008
1211
5
1218
1334
1584
1731
1640
1139
1727
1895
1954
2298
2252
1531
1740
1450
1893
1441
1676
977
1983
1209
1560
899
616
1128
1568
1636
1720
1209
1581
886
1528
1803
1664
895
2426
1485
1440
1664
1692
1134
1483
2109
1947
1560
847
1315
866
1275
1040
1039
1480
1701
1930
1290
1541
907
1846
954
2270
1533
765
2040
2041
2525
1583
1485
1728
75
2036
1417
2408
1000
1934
1253
1689
1280
2152
2051
859
1614
2021
1435
575
1012
1861
2215
2139
1443
2506
1137
1592
2111
2233
866
1836
1792
1765
1751
1423
1304
1918
1632
1979
2028
2073
805
2293
1666
1918
1841
2401
1366
1186
1142
1338
1959
2442
1812
1670
1464
2167
1944
1564
2845
2240
1967
1868
1207
1272
1287
1381
2507
1644
1156
1539
1110
1467
1679
1623
1649
1812
2513
2083
1866
1080
1576
2368
1327
471
1756
1357
1426
1253
913
1218
1853
903
529
1860
1931
1178
1308
1873
1915
2129
1632
2224
1422
1806
1916
2772
1422
1918
1390
1872
1358
1711
1508
1136
1126
2246
1365
792
1432
1496
1895
1794
1766
1394
1321
1014
1360
1869
2401
2642
1425
2070
2209
2491
2449
955
1632
1114
1254
771
1218
1912
1552
2166
1220
1608
1235
1799
2343
1499
1857
696
1499
2485
1268
1985
1603
1808
1729
1495
203
1438
882
1580
1443
1782
1237
2121
1280
1686
931
1364
1160
777
1116
1432
1123
2413
1080
1261
1420
2613
1874
995
986
1593
1504
1676
1455
1375
1380
1018
961
919
912
1586
1783
658
668
853
1498
1210
860
1017
1589
1172
1740
1234
805
1068
1916
1794
1241
1094
1878
1523
665
1962
1532
1895
1316
1120
1170
680
871
794
1102
737
1014
774
1451
428
549
484
1691
1071
1395
1187
1277
1322
1119
854
1255
1087
2170
1622
1056
712
1816
883
1045
1217
959
456
849
1282
1286
2240
1216
1241
2117
1005
1529
1026
1837
1053
1699
801
1080
506
590
1252
1119
882
828
1250
615
892
1010
1199
1370
1690
1630
1436
610
1144
889
1683
1017
1246
1405
1058
1137
571
1136
522
1436
881
1316
1334
487
1424
938
1071
1444
765
1086
1440
1694
936
1357
781
731
1135
1028
724
1017
486
967
1122
1500
979
687
1444
1760
220
1776
954
597
867
1261
1103
951
838
576
1649
1396
389
1317
1574
1577
835
1650
1011
470
916
1036
1119
946
989
1670
1259
776
2250
1555
736
787
1044
2112
1645
729
715
1340
26
1436
1363
1322
612
1069
864
1399
1168
1367
1624
1553
1154
1030
1466
1168
978
1126
1525
1177
1134
1322
1356
1412
534
1334
1003
438
1174
1031
1024
1750
877
1619
824
1349
882
624
655
1156
1038
738
904
1110
1444
725
1311
903
1514
1380
346
380
1013
663
971
487
1128
1360
976
483
1090
1291
573
1871
1157
1225
774
1309
1163
1172
1099
969
795
1460
124
687
1086
661
860
1089
928
902
468
839
858
1443
1031
441
1002
1315
964
1786
853
720
803
1866
987
636
668
735
799
710
541
1176
1058
1157
855
646
838
789
989
916
1399
1236
983
1882
699
810
977
1144
918
1626
965
759
877
245
727
1040
1135
976
1057
549
836
1273
904
1083
949
1146
1705
1164
758
1162
1303
1331
1154
1248
1122
893
951
1342
1250
1673
897
804
924
562
1058
1081
1211
994
1595
1461
964
1141
699
975
1164
1229
1144
1020
1412
1043
1083
1203
1348
840
986
1259
593
1248
728
1135
1034
965
810
830
912
1012
1063
1328
1094
957
932
1279
947
1291
1089
981
1050
1148
771
1333
1079
806
1003
1292
926
1168
1240
1056
812
1522
955
1207
1115
1464
1205
1329
1118
1967
1127
2560
875
1145
732
1104
1350
673
1303
1600
1459
2201
1030
1330
1430
1593
986
1368
832
1539
938
1419
1156
1297
982
1632
1084
1834
1345
2360
753
1024
1122
1763
774
1737
1062
1271
968
1592
1114
1273
1048
1483
848
2168
1268
1356
1938
1554
1416
1831
1518
1403
1233
1360
1094
1726
1315
1550
1333
2487
1524
1591
1269
329
1556
1801
1091
1150
1278
1463
1221
1695
1221
1144
1247
2056
740
2185
1355
1326
1191
1187
1694
2057
1098
2254
908
1794
1080
1531
1512
1270
1484
1756
1870
784
2164
2168
1846
1453
2205
2065
1261
2379
1328
713
1813
1191
1541
1874
943
2006
1630
1840
1004
1168
2029
1931
1492
1735
2063
1477
1953
1634
1561
2110
1841
1661
1821
1654
1390
2291
1536
1386
1702
1687
788
1897
2245
1503
2415
1843
1838
1208
1467
2037
486
2176
1127
1688
874
1602
1555
1963
1680
2295
1858
2242
1172
2316
1644
2147
1697
1476
1059
936
2191
1691
1482
1371
1546
1395
1722
1360
1342
2319
1581
1076
2905
2034
1906
1728
1439
1581
1621
2234
2268
1527
1642
1619
983
1265
1098
1417
1568
877
1676
1832
1208
1366
2011
2115
1635
1781
1245
2071
1640
1448
2176
1564
1965
2214
2087
829
2066
1213
1569
2108
1308
2182
2149
1338
1904
1300
2284
2043
1659
2396
1338
2393
1355
971
1096
2395
1599
1744
1606
1203
1159
856
2314
1992
1352
1102
818
2482
2344
1410
2518
1507
1637
1408
1429
1742
2008
1905
1902
828
2002
1691
1186
1481
1468
1743
1353
775
951
1903
1729
1066
1437
1960
1434
1082
675
1555
1258
1488
1589
1493
2416
1260
2212
268
2256
1974
1724
2085
2925
2386
703
1179
2375
1405
1538
1797
1926
2326
2192
1052
1348
1283
1127
2105
1131
1903
1511
1468
780
1196
2185
1481
1590
1280
1689
1676
1723
1309
1307
1600
1788
732
1130
1237
1428
1771
1564
1293
1607
1351
1002
1156
2335
2215
1969
2154
1865
2032
2341
1873
1390
1142
945
1484
2132
1152
1232
1320
1435
2119
1007
1381
1794
1005
1431
453
911
740
1180
2128
1549
1919
1665
1452
1550
1505
908
1098
1917
1603
2047
1784
2503
1201
1680
1651
219
1443
836
1371
631
735
1150
1431
1783
1742
1205
1560
808
522
1784
1503
1444
1256
880
2149
1679
1116
952
1440
1683
1680
1172
1382
847
1196
1746
1448
1439
1180
1308
1262
1087
1684
1764
289
928
602
712
883
1232
504
1561
626
1294
1186
1469
1389
937
1384
1372
1495
1450
1152
1347
1308
1093
738
1661
1199
576
1750
1414
1192
652
517
909
1115
909
1100
1097
603
1108
116
775
978
1236
868
1190
648
1652
886
528
420
1941
1221
1331
193
1329
688
874
1068
755
1780
1501
774
491
1045
1130
457
1063
299
1160
471
244
1211
1403
815
704
1059
1096
0
1487
383
1704
934
1090
1353
1063
1865
1435
1079
1160
1518
1203
951
1241
548
1070
1039
1099
1277
985
960
2022
681
1280
1275
1078
503
1440
1816
526
798
1230
664
1416
1201
1228
1143
782
236
813
1153
545
1033
1360
451
256
1082
1710
1031
1635
1090
571
838
1037
1048
1319
234
1297
1001
1304
994
1020
1264
806
926
1438
923
1890
1165
943
942
1408
808
388
600
844
863
970
844
733
1323
1189
569
1389
825
1312
1367
1273
866
1520
552
995
776
1011
1111
2099
789
649
1186
1347
500
1301
1029
862
1053
1471
1165
1462
1154
1728
1108
1257
894
1112
625
1286
640
804
759
1042
872
1549
538
1088
905
926
699
842
1041
695
871
882
930
1094
1013
1230
680
974
1004
1774
1222
1500
845
1228
959
1260
696
824
933
1315
950
1142
