Starting data capturing
Starting data capturing
Channel 0 Data:
0
0
0
0
0
0
0
0
0
0
0
0
0
0
0
0
0
0
0
0
0
0
0
0
0
0
0
0
0
0
0
0
0
0
0
0
0
0
0
0
0
0
0
0
0
0
0
0
0
0
0
0
0
0
0
0
0
0
0
0
0
0
0
0
0
0
0
0
0
0
0
0
0
0
0
0
0
0
0
0
0
0
0
0
0
0
0
0
0
0
0
0
0
0
0
0
0
0
0
0
0
0
0
0
0
0
0
0
0
0
0
0
0
0
0
0
0
0
0
0
0
0
0
0
0
0
0
0
0
0
0
0
0
0
0
0
0
0
0
0
0
0
0
0
0
0
0
0
0
0
0
0
0
0
0
0
0
0
0
0
0
0
0
0
0
0
0
0
0
0
0
0
0
0
0
0
0
0
0
0
0
0
0
0
0
0
0
0
0
0
0
0
0
0
0
0
0
0
0
0
0
0
0
0
0
0
0
0
0
0
0
0
0
0
0
0
0
0
0
0
0
0
0
0
0
0
0
0
0
0
0
0
0
0
0
0
0
0
0
0
0
0
0
0
0
0
0
0
0
0
0
0
0
0
0
0
0
0
0
0
0
0
0
0
0
0
0
0
0
0
0
0
0
0
0
0
0
0
0
0
0
0
0
0
0
0
0
0
0
0
0
0
0
0
0
0
0
0
0
0
0
0
0
0
0
0
0
0
0
0
0
0
0
0
0
0
0
0
0
0
0
0
0
0
0
0
0
0
0
0
0
0
0
0
0
0
0
0
0
0
0
0
0
0
0
0
0
0
0
0
0
0
0
0
0
0
0
0
0
0
0
0
0
0
0
0
0
0
0
0
0
0
0
0
0
0
0
0
0
0
0
0
0
0
0
0
0
0
0
0
0
0
0
0
0
0
0
0
0
0
0
0
0
0
0
0
0
0
0
0
0
0
0
0
0
0
0
0
0
0
0
0
0
0
0
0
0
0
0
0
0
0
0
0
0
0
0
0
0
0
0
0
0
0
0
0
0
0
0
0
0
0
0
0
0
0
0
0
0
0
0
0
0
0
0
0
0
0
0
0
0
0
0
0
0
0
0
0
0
0
0
0
0
0
0
0
0
0
0
0
89
133
231
338
467
437
538
583
699
722
798
766
830
815
910
953
928
971
1022
1063
1082
1068
1115
1098
1129
1176
1162
1095
1181
1194
1169
1253
1254
1262
1269
1253
1348
1307
1381
1371
1310
1398
1381
1370
1384
1405
1388
1373
1413
1321
1450
1424
1346
1381
1451
1397
1368
1394
1373
1353
1337
1347
1362
1293
1308
1344
1333
1306
1313
1316
1295
1315
1335
1247
1260
1280
1264
1274
1258
1188
1190
1196
1247
1218
1223
1210
1212
1177
1185
1224
1119
1149
1157
1150
1144
1102
1136
1175
1110
1103
1157
1161
1082
1159
1163
1165
1146
1062
1142
1100
1166
1127
1177
1210
1181
1179
1178
1205
1234
1179
1230
1290
1280
1211
1283
1286
1273
1273
1251
1276
1306
1235
1309
1235
1317
1239
1221
1276
1221
1207
1228
1210
1228
1218
1271
1255
1285
1249
1324
1313
1277
1331
1307
1334
1347
1330
1334
1319
1352
1331
1316
1326
1376
1384
1348
1301
1306
1325
1384
1230
1368
1344
1371
1263
1329
1318
1304
1326
1235
1311
1242
1280
1306
1280
1262
1284
1242
1248
1295
1210
1259
1254
1254
1222
1214
1204
1211
1210
1252
1186
1163
1173
1099
1132
1135
1161
1104
1136
1129
1137
1123
1116
1061
1087
1115
1060
1067
1088
1134
1055
1062
1096
1063
1058
1070
1069
1131
1020
1019
1034
1083
1033
990
1007
1057
1027
1046
1026
1058
1024
993
1006
1029
1016
1058
988
1037
983
986
988
1022
970
978
1001
1008
1000
1000
957
1018
998
1001
956
923
984
1051
924
945
976
934
936
947
1001
991
943
977
968
957
915
979
961
990
957
959
952
990
943
992
965
970
986
1033
945
1008
951
984
969
1009
993
940
939
975
984
914
942
907
938
949
927
899
914
908
895
912
882
918
885
872
895
890
858
881
896
904
882
882
932
936
919
930
960
1029
972
1012
1029
1040
1061
1169
1125
1180
1279
1304
1330
1295
1451
1410
1442
1536
1484
1429
1468
1499
1481
1438
1408
1437
1458
1468
1476
1429
1452
1421
1448
1469
1456
1461
1481
1459
1438
1496
1421
1483
1522
1521
1495
1499
1500
1523
1456
1553
1486
1490
1482
1443
1500
1488
1456
1444
1400
1480
1428
1410
1397
1409
1391
1356
1372
1438
1342
1313
1358
1361
1372
1356
1339
1362
1297
1293
1290
1278
1302
1306
1267
1279
1311
1405
1395
1403
1428
1372
1351
1405
1358
1388
1306
1297
1334
1341
1278
1244
1274
1311
1255
1253
1247
1213
1201
1237
1223
1173
1170
1179
1179
1145
1110
1044
1104
1115
1100
1038
1046
1021
1056
990
990
1027
979
1032
942
1010
968
908
922
891
912
889
890
925
863
850
810
781
759
781
818
771
783
772
728
697
716
765
695
603
662
671
591
546
614
568
496
557
505
512
477
404
478
441
378
395
378
323
381
287
273
294
262
272
197
232
175
152
138
44
129
20
50
58
1
40
0
0
0
0
0
0
0
0
0
0
0
0
0
0
0
0
0
0
0
0
0
0
0
0
0
0
0
0
0
0
0
0
0
0
0
0
0
0
0
0
0
0
0
0
0
0
0
0
0
0
0
0
0
0
0
0
0
0
0
0
0
0
0
0
0
0
0
0
0
0
0
0
0
0
0
0
0
0
0
0
0
0
0
0
0
0
0
0
0
0
0
0
0
0
0
0
0
0
0
0
0
0
0
0
0
0
0
0
0
0
0
0
0
0
0
0
0
0
0
0
0
0
0
0
0
0
0
0
0
0
0
0
0
0
0
0
0
0
0
0
0
0
0
0
0
0
0
0
0
0
0
0
0
0
0
0
40
163
173
236
238
407
437
476
606
670
680
731
723
821
870
886
906
1011
1027
983
1026
1123
1132
1157
1224
1206
1240
1249
1237
1274
1312
1215
1298
1317
1371
1346
1333
1333
1314
1410
1392
1393
1403
1378
1429
1396
1417
1406
1411
1363
1397
1372
1352
1375
1327
1390
1402
1377
1402
1324
1334
1318
1310
1357
1306
1294
1339
1233
1236
1136
1166
1187
1091
1110
1140
1106
1169
1115
1173
1174
1110
1070
1085
1067
1116
1104
1076
1102
1085
1112
1054
1144
1133
1134
1084
1118
1157
1125
1162
1110
1118
1130
1091
1170
1134
1142
1063
1165
1159
1108
1103
1159
1150
1124
1119
1093
1129
1119
1144
1099
1075
1132
1105
1123
1093
1133
1158
1130
1140
1107
1157
1047
1106
1152
1105
1091
1128
1050
1114
1076
1088
1088
1064
1056
1015
1081
1042
990
1058
1064
1020
993
970
1024
1056
1036
947
1015
1056
975
988
1001
1025
979
992
1017
1012
947
962
925
929
887
931
932
912
958
906
923
956
890
927
893
922
910
903
880
891
855
949
941
954
868
954
884
850
933
927
898
930
910
971
893
998
926
1019
1035
923
922
1012
959
976
910
964
920
964
895
909
960
930
903
960
920
914
945
947
952
942
893
920
964
893
943
903
891
912
906
954
941
910
898
931
951
935
901
928
936
918
942
874
863
966
956
902
894
899
930
867
918
922
903
885
918
952
944
842
879
903
907
913
873
890
910
906
907
944
914
904
860
862
857
865
841
887
882
851
837
814
834
877
862
875
823
856
822
795
763
832
789
752
811
775
784
713
764
753
798
727
771
746
763
714
726
706
741
693
721
739
727
755
740
738
736
738
674
692
745
721
728
698
729
725
662
727
699
703
710
681
684
687
696
674
708
717
678
695
664
728
656
654
627
643
652
651
617
660
656
662
663
645
618
658
619
669
615
640
639
638
640
692
650
660
672
664
634
655
658
654
584
634
638
640
615
678
612
621
603
620
644
653
646
621
626
647
644
614
596
654
625
621
624
615
629
580
611
645
636
560
625
618
644
603
678
716
729
674
729
804
875
877
892
1003
1092
1236
1259
1303
1296
1237
1289
1363
1322
1246
1291
1252
1380
1447
1379
1437
1415
1385
1372
1405
1413
1425
1451
1480
1483
1561
1523
1507
1528
1563
1490
1492
1508
1485
1476
1438
1424
1345
1413
1396
1381
1333
1369
1359
1317
1238
1264
1289
1237
1222
1257
1156
1145
1176
1136
1137
1036
1080
1038
1037
955
1032
1050
941
937
957
897
874
850
827
823
790
808
816
728
787
710
665
656
686
593
600
584
605
532
516
393
454
484
371
364
378
331
287
296
296
256
247
130
177
93
203
117
74
73
27
0
35
0
0
0
0
0
0
0
0
0
0
0
0
0
0
0
0
0
0
0
0
0
0
0
0
0
0
0
0
0
0
0
0
0
0
0
0
0
0
0
0
0
0
0
0
0
0
0
0
0
0
0
0
0
0
0
0
0
0
0
0
0
0
0
0
0
0
0
0
0
0
0
0
0
0
0
0
0
0
0
0
0
0
0
0
0
0
0
0
0
0
0
0
0
0
0
0
0
0
0
0
0
0
0
0
0
0
0
0
0
0
0
0
0
0
0
0
0
0
0
0
0
0
0
0
0
0
0
0
0
0
0
0
0
0
0
0
0
0
0
0
0
0
0
0
0
0
0
0
0
0
0
0
0
0
0
0
0
0
0
0
0
0
0
0
0
0
0
0
0
0
0
0
0
0
0
0
0
0
0
0
0
0
0
0
0
0
0
0
0
0
0
0
0
0
0
0
0
0
0
0
0
0
0
0
0
0
0
0
0
0
0
0
0
0
0
0
0
0
0
0
0
0
0
0
0
0
0
0
0
0
0
0
0
0
0
0
0
0
0
0
0
0
0
0
0
0
0
0
0
0
0
0
0
0
0
0
0
0
0
0
0
0
0
0
0
0
0
0
0
0
0
0
0
0
0
0
0
0
0
0
0
0
0
0
0
0
0
0
0
0
0
0
0
0
0
0
0
0
0
0
0
0
0
0
0
0
0
0
0
59
99
112
227
259
248
359
413
409
473
481
531
567
641
576
700
696
719
754
811
842
793
763
883
836
975
859
927
925
946
958
977
982
1004
999
980
1016
999
1041
1072
1026
1024
1117
982
1086
1028
1085
1139
1060
1066
1076
1052
1080
1102
1044
1047
1035
1084
1122
1096
1018
1079
1083
1062
985
1009
978
1003
908
919
898
963
883
895
894
889
864
840
839
825
808
813
777
837
830
767
820
795
806
764
825
732
845
761
808
850
830
825
832
810
811
801
829
866
860
800
840
857
896
836
845
828
885
839
846
836
857
872
809
780
844
841
842
838
858
868
835
823
872
888
866
801
834
843
833
804
834
840
761
792
764
789
796
759
748
720
784
742
763
790
785
772
758
764
818
784
740
722
743
713
733
723
759
692
738
750
735
713
719
734
740
741
672
710
698
713
683
666
675
655
616
629
661
651
641
665
638
679
633
652
658
701
662
655
721
644
692
700
655
679
707
733
678
699
717
712
696
751
710
757
676
717
667
677
649
639
623
712
647
695
640
640
634
644
654
645
614
624
597
679
600
613
620
580
603
586
567
576
559
555
528
526
514
547
517
515
493
474
471
390
434
410
416
426
426
434
426
446
395
425
361
459
411
435
354
333
363
383
304
352
338
356
285
303
309
330
282
315
323
386
276
351
327
278
280
312
285
313
249
315
272
335
275
304
249
265
208
310
189
320
362
346
198
296
281
313
292
364
408
315
337
365
360
364
323
383
388
359
354
440
422
407
483
528
545
569
650
765
770
802
794
895
936
961
1042
999
1079
1090
1145
1224
1141
1098
1083
1051
1156
1084
1160
1056
1116
1123
1096
1152
1113
1169
1188
1204
1216
1285
1288
1276
1313
1289
1289
1307
1251
1205
1255
1214
1135
1189
1118
1136
1064
1026
1056
1008
984
967
919
893
889
861
861
822
794
755
764
640
707
618
586
514
551
542
486
446
497
444
347
372
422
266
251
279
253
202
203
243
132
108
136
111
78
27
24
8
0
0
0
0
0
0
0
0
0
0
0
0
0
0
0
0
0
0
0
0
0
0
0
0
0
0
0
0
0
0
0
0
0
0
0
0
0
0
0
0
0
0
0
0
0
0
0
0
0
0
0
0
0
0
0
0
0
0
0
0
0
0
0
0
0
0
0
0
0
0
0
0
0
0
0
0
0
0
0
0
0
0
0
0
0
0
0
0
0
0
0
0
0
0
0
0
0
0
0
0
0
0
0
0
0
0
0
0
0
0
0
0
0
0
0
0
0
0
0
0
0
0
0
0
0
0
0
0
0
0
0
0
0
0
0
0
0
0
0
0
0
0
0
0
0
0
0
0
0
0
0
0
0
0
0
0
0
0
0
0
0
0
0
0
0
0
0
0
0
0
0
0
0
0
0
0
0
0
0
0
0
0
0
0
0
0
0
0
0
0
0
0
0
0
0
0
0
0
0
0
0
0
0
0
0
0
0
0
0
0
0
0
0
0
0
0
43
79
194
136
223
271
290
307
384
406
461
423
499
585
569
548
710
673
693
739
696
788
831
793
824
811
852
819
816
823
921
987
959
932
991
934
959
1003
982
1017
975
1002
1006
965
954
940
1019
987
1038
1034
984
1036
1032
1039
1089
1006
996
979
971
1060
998
1037
1064
1054
1041
979
980
1063
1058
980
992
1014
1024
982
983
990
1079
1046
965
984
980
1017
966
993
990
989
988
964
982
967
947
1003
958
950
926
912
925
925
939
887
929
876
917
889
869
870
876
882
863
886
877
910
852
818
904
856
803
815
799
740
791
715
721
727
706
687
655
679
745
704
652
704
599
650
650
656
666
669
678
669
626
653
640
662
661
627
687
666
703
667
731
681
629
691
711
707
753
678
773
747
683
715
747
753
752
767
730
770
718
732
801
769
807
739
687
711
768
702
709
690
648
675
654
667
702
644
623
646
677
611
614
628
640
596
596
589
588
589
616
586
634
617
625
593
676
625
596
630
607
595
629
607
610
621
651
595
650
670
650
639
663
629
659
620
657
653
645
653
657
663
645
657
621
624
614
627
573
610
617
573
560
586
544
581
564
544
602
588
553
577
537
585
531
540
536
540
534
484
537
508
498
482
533
506
468
510
528
486
502
446
524
473
531
469
434
460
450
437
493
464
494
450
408
462
492
432
475
437
449
449
395
411
398
432
352
413
394
391
427
384
398
398
424
378
371
368
348
356
417
357
410
356
381
375
364
338
414
333
398
309
269
330
379
343
378
320
318
313
273
316
341
281
290
315
308
315
352
289
333
322
350
302
320
301
242
275
317
307
262
316
334
315
234
306
375
336
294
297
381
309
370
313
349
346
279
310
357
309
342
303
242
309
272
287
299
303
306
228
294
295
266
250
252
344
322
306
334
334
311
258
336
333
360
384
373
347
319
330
337
316
371
483
394
409
444
536
515
586
598
668
679
659
779
758
874
792
913
833
866
827
944
866
945
947
919
985
965
954
1046
979
1086
1039
1024
1049
1025
1133
1052
1026
1080
1094
1054
1030
1062
1024
971
988
1019
951
1003
916
920
925
924
844
927
937
867
881
916
900
913
946
910
930
923
799
901
891
818
866
807
819
858
872
988
1025
1009
953
928
982
970
1014
1010
951
981
998
912
937
891
939
914
846
875
910
824
855
863
885
759
781
801
797
773
755
726
716
669
655
688
764
701
632
630
626
678
666
715
583
632
600
581
599
575
472
569
490
457
490
473
449
473
425
397
388
389
350
311
299
320
275
282
292
212
264
283
204
215
192
106
95
120
116
75
52
39
11
0
0
0
0
0
0
0
0
0
0
0
0
0
0
0
0
0
0
0
0
0
0
0
0
0
0
0
0
0
0
0
0
0
0
0
0
0
0
0
0
0
0
0
0
0
0
0
0
0
0
0
0
0
0
0
0
0
0
0
0
0
0
0
0
0
0
0
0
0
0
0
0
0
0
0
0
0
0
0
0
0
0
0
0
0
0
0
0
0
0
0
0
0
0
0
0
0
0
0
0
0
0
0
0
0
0
0
0
0
0
0
0
0
0
0
0
0
0
0
0
0
0
0
0
0
0
0
0
0
0
0
0
0
0
0
0
0
0
0
0
0
0
0
0
29
91
163
178
245
310
320
379
433
476
502
552
590
610
636
679
725
755
793
758
850
867
828
837
904
909
941
932
938
967
983
1039
971
1022
1027
1075
1042
1063
1027
1012
1019
1055
1052
1029
1026
1040
1069
1070
1044
1031
1043
1014
1003
1018
1042
1080
1010
1013
1026
1038
1061
1025
1024
1057
1012
998
1014
985
1036
1012
1063
1051
1059
1029
1041
1003
1047
992
961
952
917
892
891
848
853
855
802
809
819
894
766
875
825
853
740
775
777
765
756
745
762
801
736
691
730
692
783
672
717
724
728
728
699
747
715
674
681
771
690
758
746
773
759
716
757
753
796
790
762
763
813
761
763
788
765
757
733
698
714
688
675
644
691
698
659
697
638
622
550
601
557
603
559
599
577
601
539
554
563
607
570
517
533
513
567
602
553
539
556
550
552
563
571
576
604
553
590
577
563
554
589
543
547
561
559
514
586
590
591
570
553
512
531
593
528
560
559
544
512
512
506
523
528
528
512
512
469
510
489
519
482
501
492
486
474
442
451
486
451
412
430
434
452
427
453
408
433
391
384
432
428
402
406
410
384
394
385
379
370
363
347
368
376
364
355
378
325
384
357
371
353
390
311
353
353
363
343
319
331
347
317
334
310
331
345
315
300
290
311
298
329
337
370
289
318
360
347
344
317
306
298
316
341
347
324
265
269
335
307
368
322
385
358
334
284
307
329
368
315
266
352
274
324
355
283
381
340
330
350
379
375
344
357
386
389
330
403
367
428
382
391
413
395
352
419
500
440
481
564
508
574
630
663
660
764
880
879
849
877
934
909
881
927
868
908
946
909
943
901
959
928
953
922
974
906
880
859
920
877
885
869
908
827
894
837
837
789
889
828
864
816
848
817
834
841
794
830
725
732
886
889
935
968
1046
972
990
999
1009
957
971
949
953
956
968
1013
918
903
929
855
889
869
802
772
813
818
764
727
747
717
703
635
631
673
621
527
550
514
437
456
450
412
410
418
380
400
339
371
279
292
325
289
209
208
140
141
116
117
59
105
12
0
0
0
0
0
0
0
0
0
0
0
0
0
0
0
0
0
0
0
0
0
0
0
0
0
0
0
0
0
0
0
0
0
0
0
0
0
0
0
0
0
0
0
0
0
0
0
0
0
0
0
0
0
0
0
0
0
0
0
0
0
0
0
0
0
0
0
0
0
0
0
0
0
0
0
0
0
0
0
0
0
0
0
0
0
0
0
0
0
0
0
0
0
0
0
0
0
0
0
0
0
0
0
0
0
0
0
0
0
0
0
0
0
0
0
0
0
0
0
0
0
0
0
0
0
0
0
0
0
0
0
0
0
0
0
0
0
0
0
0
0
0
0
0
0
0
0
0
0
0
0
0
0
0
0
0
0
0
0
0
0
0
0
0
0
0
0
0
0
0
0
0
0
0
0
0
0
0
0
0
0
0
0
0
0
0
0
0
0
0
0
0
0
0
0
0
0
0
0
0
0
0
0
0
0
0
0
0
0
0
0
0
0
0
0
0
0
0
0
0
0
0
0
0
0
0
0
0
0
0
0
0
0
0
0
0
0
0
0
0
0
0
0
0
0
0
0
0
0
0
0
0
0
0
0
0
0
0
0
0
0
0
0
0
0
0
0
0
0
0
0
0
0
0
0
0
0
0
0
0
0
0
0
0
0
0
0
0
0
0
0
0
0
0
0
0
0
0
0
0
0
0
0
0
0
0
0
0
0
0
0
0
0
0
0
0
0
0
0
0
0
0
0
0
0
0
0
0
0
0
0
0
0
0
0
0
0
0
0
0
0
0
0
0
0
0
0
0
0
0
0
0
0
0
0
0
0
0
0
0
0
0
0
0
0
0
0
0
0
0
0
0
0
0
0
0
0
0
0
0
0
0
0
0
0
0
0
0
0
0
0
0
0
0
0
0
0
0
0
0
0
0
0
0
0
0
0
0
0
0
0
0
0
0
0
0
0
0
0
0
0
0
0
0
0
0
0
0
0
0
0
0
0
0
0
0
0
0
0
0
0
0
0
0
0
0
0
0
0
0
0
0
0
0
0
0
0
0
0
0
0
0
0
0
0
0
0
0
0
0
0
0
0
0
0
0
0
0
0
0
0
0
0
0
0
0
0
0
0
0
0
0
0
0
0
0
0
0
0
0
0
0
0
0
0
0
0
0
0
0
0
0
0
0
0
0
0
0
0
0
0
0
0
0
0
0
0
0
0
0
0
0
0
0
0
0
0
0
0
0
0
0
0
0
0
0
0
0
0
0
0
0
0
0
0
0
0
0
0
0
0
0
0
0
0
0
0
0
0
0
0
0
0
0
0
0
0
0
0
0
0
0
0
0
0
0
0
0
0
0
0
0
0
0
0
0
0
0
0
0
0
0
0
0
0
0
0
0
0
0
0
0
0
0
0
0
0
0
0
0
0
0
0
0
0
0
0
0
0
0
0
0
0
0
0
0
0
0
0
0
0
0
0
0
0
0
0
0
0
0
0
0
0
0
0
0
0
0
0
0
0
0
0
0
0
0
0
0
0
0
0
0
0
0
0
0
0
0
0
0
0
0
0
0
0
0
0
0
0
0
0
0
0
0
0
0
0
0
0
0
0
0
0
0
0
0
0
0
0
0
0
0
0
0
0
0
0
0
0
0
0
0
0
0
0
Channel 1 Data:
1325
1828
1223
1501
1360
1641
1383
1468
1463
1517
1227
2055
1010
1732
1559
1559
1566
1659
1365
1267
1884
2003
1830
1673
1282
1632
1567
1803
1416
1700
1284
1611
1336
1597
1331
1288
1318
1464
1324
1561
1088
1372
1150
2319
1431
1617
1285
2320
1515
1906
1504
988
1570
1802
1483
1446
1565
1294
1391
1699
1364
1493
1360
1227
1252
425
1437
2128
1576
1275
1341
1419
1429
1327
1437
2009
1236
765
1152
1373
1426
1134
1447
1518
874
2003
1314
1616
1355
2418
1620
1722
1549
1721
1275
1158
1289
2299
1341
2729
1540
1513
1143
1236
1272
1568
1355
1658
1451
1550
1419
2019
1145
1117
1254
2352
1117
1293
781
1493
1668
2448
1508
905
1308
1364
1304
1218
1459
2566
1206
1630
1090
1911
1910
1727
1381
2076
1396
1456
1473
1877
1183
1264
2107
1644
1677
1166
1807
1739
971
1651
1624
1539
1067
1238
1528
2210
930
1866
1553
1863
1700
1218
2052
1255
1597
1146
1885
2378
1096
1729
1671
2219
1454
1764
1991
1537
1444
1709
1934
1810
1494
1827
1649
1237
1365
1128
1459
2221
1241
1858
580
1242
1051
1192
1770
1265
1366
2167
1486
2038
1872
1637
1218
1658
1525
2674
1216
2209
2454
2068
1402
1891
2188
1579
1854
1484
1305
2366
754
1132
1767
1840
987
1719
1380
2199
1052
2137
1345
1222
2402
2178
1595
1080
2143
1378
1398
2064
1499
2579
1080
1352
186
2285
1453
1371
3077
1868
1654
1570
2446
2163
2001
1476
1814
1469
2036
1818
1665
2616
1565
2036
2011
1440
1395
1886
1015
1491
2198
2152
1579
1963
2553
1520
1765
1384
646
2104
1011
1478
2100
1622
1332
1552
1690
869
1854
1152
1537
21
1610
1895
1433
2399
2034
1331
1029
992
1427
1687
1861
1478
964
1599
1557
1700
1879
1348
1968
2191
204
1598
2518
2270
1672
2150
1327
1644
1306
2197
1237
898
786
1727
1505
1522
1425
2069
1746
1842
1764
2162
1095
1332
2050
2299
1448
1242
839
1575
1143
1805
1361
1370
479
1542
1436
1260
692
1377
491
2357
1320
2112
1932
1140
1744
1135
1767
893
1978
2193
1538
1951
1149
1086
1537
1536
1175
1447
2608
984
1479
1549
1655
1619
2044
1467
1382
1552
1743
1358
1898
2230
1674
2043
1999
681
1521
2178
1520
1689
1829
1130
1340
985
1514
1463
1323
1813
464
1260
1565
1655
1467
2070
683
1162
1880
1158
2027
1059
1972
1264
1937
1992
1384
1160
1618
2313
2117
603
1037
1994
1621
1523
1873
1747
1845
1261
1913
1734
1239
1504
1463
1762
1571
1461
2585
1157
1450
1333
2105
1516
1165
1221
1307
1811
1287
560
1700
1668
1505
1040
2397
1491
1097
1709
1793
1624
2087
2129
1525
2416
1014
757
1666
2006
1407
2086
1842
2064
1187
1511
1768
1711
1444
1150
1366
1188
1803
946
1686
1880
1301
1728
1730
1372
1856
1462
1999
1517
2378
1211
1522
1199
1867
1372
1427
1487
1302
557
1308
1342
742
1110
816
1495
1579
1207
1551
1318
1488
1497
1247
255
1433
1129
1145
1415
1114
1297
1273
454
2307
1566
1428
886
757
1229
1104
810
1317
1179
1403
608
1584
230
1991
982
486
905
1862
1539
1021
1571
1169
1004
1233
1106
1349
691
957
1344
927
855
1352
1395
1067
1184
1678
756
1107
1196
1334
1288
1325
283
746
1372
1856
1132
1268
1733
1943
819
1149
1431
670
994
1135
1246
1197
466
1697
1451
1459
505
1566
1337
676
1226
1192
1296
1220
280
1268
829
1310
1447
1424
1989
1279
1267
1818
1421
1333
990
1231
1842
1147
1018
1456
1608
1382
1228
1143
1248
1394
582
1446
936
2154
841
1475
1424
1352
592
1208
706
1137
681
1621
1213
1169
1301
1837
1490
905
1249
1437
1234
1372
820
1079
993
1161
1024
1196
1331
1039
1379
694
867
1190
1204
1788
446
1575
1028
1348
750
682
1089
853
1372
688
1157
553
966
1067
1058
1500
1050
1430
975
1793
810
1562
1524
1591
1236
1460
1049
1016
1341
2132
1121
1072
1115
903
1216
1138
1156
808
1464
976
1034
1088
1134
664
709
1370
755
1037
1248
1899
1133
917
1249
947
1076
1309
1238
1888
656
829
864
1351
1129
257
1156
1098
1053
1473
1103
1290
1024
1458
1223
1549
1067
1440
1063
1704
817
1386
1366
1293
988
791
989
1346
1225
1508
907
1348
1053
1404
1073
738
1261
1956
814
1121
1005
1101
1433
951
1586
1740
1141
1410
1078
1278
1015
1587
1010
1609
867
1221
1163
1564
1058
1399
1164
1102
1071
1568
1040
1559
1169
1348
1030
1600
1511
879
970
1221
1294
1048
1580
923
1230
1570
1100
1016
1306
1188
1281
1342
947
1701
1275
1164
895
1153
945
1165
1270
1298
1085
1122
935
1397
981
1088
1112
1724
1100
1627
697
1288
1065
2562
845
833
1270
680
971
0
1392
1416
1399
2374
1348
1168
1234
2037
1347
1868
799
1900
1248
1213
1632
1424
1163
1166
921
1678
902
1704
1248
1422
1133
1674
930
1490
1611
1585
1198
1403
1150
1503
773
1944
1423
1451
1256
846
1746
1554
1135
1379
803
1922
1083
1267
1274
1479
1463
1364
1618
2358
943
1156
1226
1728
1657
1842
1397
2444
1423
1754
1324
1677
1529
2304
1463
1381
1280
1946
1778
1873
1739
1398
993
1253
1066
1931
1422
1264
1588
1454
1651
1341
1714
2230
1373
1524
1425
999
1222
2134
1928
1340
1318
1978
1799
1959
1586
1128
2078
1979
1728
1450
2144
1887
2086
1792
1518
1899
1118
2436
782
2675
1619
2027
1732
1445
1759
2318
1803
2128
1521
1646
1366
516
1064
1446
2066
1757
2142
1917
1820
1701
1512
2546
1323
1409
2368
2246
1370
1644
2333
1969
878
2285
1510
1349
1682
1426
2150
1953
1282
2280
1445
1044
2156
2548
1714
2009
1854
2615
1506
2640
1759
1737
1547
1500
1774
1047
1586
2306
1452
3062
706
2412
2527
1189
1194
1488
1654
1966
1892
1372
1948
2164
2421
1968
1241
2046
1791
2068
1653
2555
2059
1897
1512
2536
2078
1370
2412
2121
1622
2572
1888
1975
1127
1893
1624
1542
1206
2205
2232
1725
1779
1543
1840
1801
1978
1736
1176
1286
837
1942
2076
1523
2035
1767
1804
2451
1746
2244
2212
1545
1815
1654
1370
1165
2172
1816
1454
1734
1546
1668
1272
1452
1261
1704
1463
2209
1635
1808
1661
396
1596
1442
1568
2173
1021
1723
926
2142
1501
2308
2356
1927
2059
1579
1781
1527
2056
1513
1152
1431
2434
1826
1232
1283
1487
1283
1374
1131
1162
492
1078
1617
2059
1548
1334
1604
2082
1651
1610
1696
1879
1601
1991
1733
1568
1430
2076
1588
890
1305
2386
1686
978
2496
2086
1718
1731
1041
1692
1644
1903
1917
1098
2457
1619
2040
1684
1192
2093
1673
2073
1429
1348
1762
1656
1551
1669
2116
1709
1064
252
1510
1644
1206
2005
1817
1735
1503
1280
1238
2217
1747
1497
2258
2250
821
878
1821
1412
1417
1714
1339
1258
1773
1151
1598
1468
980
1906
1629
2352
2041
1432
1159
936
2114
2042
1468
1522
1277
1775
1518
1415
1443
1727
496
1406
1000
1255
1355
479
1731
1647
1593
1602
1412
1180
1158
1456
2092
1388
1327
1890
556
1627
1039
1410
1244
534
896
1304
666
2047
1342
2002
1835
1222
476
891
1094
1544
1355
1050
1710
1302
1798
761
1877
1326
1433
1219
1133
1699
1471
1901
1174
778
1469
788
1595
1562
1224
567
1867
1572
874
1043
2032
1429
1490
1314
1070
1284
1364
1649
705
877
1204
1194
1580
925
1494
1707
1175
1723
1216
1860
1341
2035
2048
958
1408
1704
655
1459
986
1308
1120
728
855
1078
972
775
644
1806
1589
1692
922
660
1091
1406
1302
766
1214
1801
635
759
1435
1130
801
1467
1761
1111
1307
1292
853
869
337
949
1411
873
1554
924
991
1381
1332
1496
1243
963
892
1012
804
1416
807
1888
1829
1689
715
1431
644
909
1367
1097
868
1347
984
1557
511
1761
947
1844
2005
1124
721
1860
897
1773
913
1372
1470
888
656
1058
1180
617
984
1171
1043
1337
1330
1117
1254
1146
956
896
1484
887
1164
1131
1160
1163
485
1220
1628
994
893
1176
1313
1202
1009
993
875
1021
1083
841
997
2036
1442
944
998
848
1235
983
1176
967
544
516
1152
1279
1292
478
625
1664
915
1385
1162
1446
1103
869
1133
1765
1076
1380
944
1083
1057
1070
1032
1622
1070
1426
1007
989
763
1626
1391
1736
1390
1628
1107
1287
824
1295
1303
958
1251
912
1066
564
1275
672
1152
773
1304
1125
1103
554
1196
1074
1106
820
823
823
995
1236
1032
1475
1383
1362
771
1204
1190
924
1106
1456
1250
1118
1076
1342
1056
1109
1259
1230
1035
672
993
1134
1337
1539
1075
1250
1021
1501
1206
1739
1065
674
1063
921
972
1171
1241
1349
1104
1080
1088
1298
890
1718
856
1331
1093
1184
1146
1703
1088
1259
1205
1300
1169
1483
1496
1367
973
1673
1225
1238
980
1688
1134
896
1137
1190
1538
1400
1256
1289
1333
1325
1226
1248
823
1649
1047
1537
1163
1159
1078
1240
1127
1542
1227
384
1146
1065
1140
894
838
1573
1460
1514
1053
1750
1511
1673
614
1475
1074
1640
808
1434
1190
329
1342
2146
1240
343
1133
53
1245
2251
1091
2069
1509
906
1060
1464
1176
1445
1347
1705
1157
1980
1472
1722
1453
2149
1078
1446
1452
1274
1256
1631
1192
334
947
1815
1473
1112
1388
1573
1449
412
1325
1566
1378
874
1807
1275
1237
2162
1445
1596
1131
1501
1081
1757
883
2025
2089
1013
1491
1822
1137
1658
1628
1787
1683
1311
1578
2752
1421
2597
1654
1774
1085
2038
990
1938
1624
1993
1302
1571
610
1909
2815
1521
1105
1340
1656
1434
1518
2321
1258
2001
875
1642
524
3017
1272
1563
1646
1744
1671
2269
1362
1238
1109
1363
1744
1727
701
1356
1330
1607
1409
1893
1942
1431
1982
1618
1578
1049
2176
2064
1520
1291
956
1934
1487
1198
1573
2194
2055
1738
1117
1842
1942
1108
1764
2004
1688
1726
1568
1142
555
2337
2482
1562
1247
2132
2389
2220
1303
1673
1163
1435
859
2436
1068
2398
1298
2683
1678
1825
1973
1273
1841
932
1099
1811
1671
1664
1927
1190
2105
1965
1550
1975
1793
1943
2008
1670
1896
1884
2224
1701
1757
1726
1998
1086
2293
1506
913
2011
2557
2702
1583
2632
2007
1759
2051
2549
2142
1926
1446
2094
1783
2300
1883
2102
1539
921
357
2230
2085
2972
2150
1846
2686
1291
1908
1613
1562
1715
2166
2178
739
2462
1960
1625
2260
2438
2116
1924
2155
2272
1962
1889
1503
1600
1600
2083
1740
2049
1371
2119
1397
1712
1582
1462
1871
1625
2203
1005
2101
2050
1140
1541
2056
1352
1547
2016
1025
2124
2627
1786
1666
1878
1098
974
2363
2631
1457
2411
1556
1947
1998
1205
2174
1267
1776
1817
1751
1898
2033
1330
2012
2147
1847
2084
1924
623
1287
1060
2338
1344
1587
1491
1728
2004
2535
1863
1757
1571
1879
1038
1672
2308
2286
2343
1856
2444
1825
2276
2040
1586
1423
1697
1595
2101
1870
1143
1938
1863
1842
536
2492
1215
2156
2219
1296
1562
1872
1917
1682
1306
1338
1008
2348
1433
995
2036
1577
1144
1652
1939
1141
1415
1610
2059
1530
1220
1514
1664
1720
1951
1791
2208
1716
1811
1783
1426
1881
2417
2028
1093
1407
2393
1886
1613
2320
1405
2167
1569
1933
1885
1269
1750
1402
1115
1984
1416
1306
1078
1500
1003
1691
1374
1587
1165
1393
910
1575
1535
1218
1012
1895
1760
1931
1154
668
955
1770
957
1573
1346
1655
1160
1338
1175
1736
694
801
1431
1623
1065
1620
1295
1203
1974
1804
902
1575
1259
1411
1498
1835
856
2167
1660
1082
1394
2129
2032
1276
963
2149
630
2160
1026
1536
1606
1437
925
1590
1824
1481
1210
1237
1163
1370
1420
2294
948
1122
1759
582
869
795
1255
2049
971
751
864
720
1555
1516
675
940
808
1162
1352
1335
871
1442
1124
1425
1129
1381
1182
2036
1418
1412
1266
2188
1313
1176
1107
1542
1272
1504
1128
1256
1129
1652
891
1595
997
1067
1299
1342
1140
819
1251
138
1271
929
1203
1559
1118
1559
1472
998
1086
982
1275
1380
1279
1356
1564
1255
1876
1332
1318
1018
1572
1774
1237
1464
1234
1457
1219
1119
1162
1516
1728
1056
1596
1267
1072
1033
1291
1390
1068
904
899
1335
747
1053
967
1309
734
1701
1163
1143
1509
1880
1498
912
1291
1155
1063
1478
1179
1297
1080
1597
1468
1700
1101
1060
932
887
1196
1050
1171
1138
1124
1334
1191
929
1232
1058
1125
1257
687
1386
950
1242
1130
1092
830
942
993
1456
1226
1274
790
1322
930
1488
933
1191
981
1335
1008
1123
1453
965
1333
1771
720
1082
1040
1560
1139
1480
1148
1707
1245
1988
1215
2112
1084
1789
981
1399
1052
1092
791
2168
1377
1838
1024
1251
1216
1392
1102
1428
1001
1070
721
1777
948
1250
1157
1049
1069
1619
1012
1492
959
1758
1099
1252
862
1670
1138
1582
876
1372
1340
814
1167
1554
1056
1792
1244
1879
1400
1954
936
1423
785
2062
1156
1854
853
1077
1154
1267
914
1153
1172
1627
802
1005
964
1394
945
1634
1263
2459
993
2069
1203
919
1162
1740
1258
1430
1072
2292
956
2232
1406
1966
996
1236
135
1806
20
1565
2615
2026
0
1264
1710
1376
1242
1903
1797
999
1559
1522
1865
1500
639
1356
1457
827
777
1506
917
552
2320
1332
1107
586
1702
2080
1316
1388
824
1882
1479
1688
2156
1254
1079
905
1390
2512
1620
1229
1040
794
1511
1249
1965
1516
1304
749
888
1394
384
917
836
1230
438
1392
1839
1307
1702
1394
1894
1764
1038
1082
1900
1363
1181
1651
1062
1709
1191
1399
1197
1468
1466
1660
1340
1184
1400
1844
1934
1787
1146
1970
2410
864
1776
1553
1254
258
1358
1677
1354
1219
1570
2136
1144
1307
1855
1108
948
1235
1157
1282
1492
2452
1144
1418
2166
1754
1677
1209
1666
2468
601
1546
891
1666
1527
1348
1681
2361
1290
2461
868
2025
1644
2182
863
1985
1065
1569
1101
2187
1155
2001
2484
2199
1434
1902
1725
1406
1132
1327
1468
1822
1788
2179
1571
1691
1442
1540
1889
2111
2012
1666
1945
1005
1233
2537
2259
1760
1475
1347
2769
1708
1764
1795
1424
1469
1807
1781
1377
1685
2474
2306
1227
1260
2304
1677
1863
2156
1699
2371
1826
919
1446
1841
1466
1190
1378
1371
962
1907
1347
2027
1680
1738
2477
1707
1978
1381
2248
1928
1509
1329
1813
1896
2126
2245
1991
1364
1983
1641
2093
1580
1855
1719
1313
1662
2164
2304
2114
1338
1729
1423
1597
2475
1802
1305
963
2299
1738
1819
2170
2136
1924
2071
1557
1419
1678
2162
1892
1892
1660
2140
1601
1282
1764
2110
2147
1667
1567
1166
1118
2195
2518
2378
1066
1386
1935
1253
730
1455
1506
2354
1500
1438
1624
1651
2038
1744
1903
1006
1578
2881
2273
1501
1302
2590
1427
2000
1572
1441
2300
1339
1797
1789
2050
1108
1815
1292
1577
1958
1132
2011
2429
2001
2442
1016
2417
1913
1706
1969
2053
1319
1443
1758
2442
1271
1960
1684
1389
1207
1576
1777
1477
1868
1256
1562
2177
804
1659
2041
1282
987
1998
1238
1852
1381
1462
1331
1648
1347
1603
1574
1601
1012
1493
1063
1575
946
1789
2146
1915
917
2365
1183
1315
1762
846
1452
2158
1188
1460
1008
1152
1210
1054
528
1564
2167
2054
1458
2121
1233
1527
1647
1429
1768
1664
1339
1259
926
901
690
1568
888
2371
1651
1514
1442
1964
977
2162
1170
1160
880
616
1504
1427
1519
1664
1711
1750
1287
838
1696
1846
898
854
1201
1254
1098
1040
928
2093
1645
1155
1128
1175
1854
1688
1919
1637
1255
1555
1409
1842
1049
1009
1715
1207
1210
1024
827
1317
1183
1784
680
1768
1384
1928
1442
874
978
663
1805
1540
1235
1463
2100
1043
787
1840
1511
869
1313
865
1006
1952
966
1237
1512
1180
1429
896
971
2055
1506
1136
1340
603
741
955
1123
1445
1177
1101
974
1368
1020
1096
1287
1378
948
1513
988
1912
1130
1563
838
856
1194
1174
1153
2157
838
1850
1435
681
1201
1309
1192
1254
1267
1182
1546
1228
1120
1486
962
1947
1425
917
743
1144
1328
1036
1070
1012
1009
1578
1200
1803
1078
1161
1281
1726
987
1051
896
1366
1187
1447
1152
1091
1149
1143
1014
1535
1095
1626
1171
1494
1193
1326
1205
930
1157
1628
1056
1274
1242
1727
1318
1466
1384
1358
1047
1362
958
1279
1059
1210
1186
1143
1239
1333
1229
1185
1192
1353
1246
1345
1271
1227
1327
1207
909
1235
1402
1221
1167
1398
1199
1415
1244
1572
1263
1056
1425
1073
1325
1388
1242
1776
811
1751
1277
1311
779
1398
1126
1032
1530
1711
976
1800
1091
1756
873
1463
1117
957
1035
1703
1045
1872
1207
2089
1204
1112
1218
1735
991
1971
1151
2307
1141
1152
1096
1144
1227
787
1096
884
1148
1992
1114
1784
1304
2090
1233
1135
1077
1197
1024
1924
979
1607
1319
1479
1525
1557
1468
2405
1040
2095
1219
865
1000
1725
1391
1882
1063
1070
1353
970
1140
1529
1204
1347
1597
1257
1251
2334
888
1600
1280
2016
1160
1608
870
862
1070
1393
1614
705
1306
1348
1315
686
1158
2245
1289
1271
1118
2049
1252
1975
1448
2028
1355
828
1717
1892
1063
2276
1827
880
1690
1236
1380
2072
1615
1943
890
1620
1160
1121
866
1427
2043
1302
1440
2460
1596
1820
873
1863
1532
2158
1472
1654
1250
1327
810
1164
319
1157
2624
1281
1131
1038
1330
1319
1489
2132
2080
1471
1312
2115
1701
2603
1639
2935
1501
1251
1024
2235
1266
2010
2044
1299
1686
1192
914
1633
676
1492
1376
1174
1363
1281
2221
1714
1056
1609
1772
1607
1322
1996
1280
1696
1454
1966
1138
2244
924
1218
1114
1595
564
1217
1656
986
1209
1613
1594
1878
2103
2243
2138
2095
398
1704
1591
1059
1864
1429
1098
2058
1425
2496
2311
1644
956
875
1117
1092
2126
2374
1254
2276
2160
1792
1859
1755
1875
1956
1140
1700
2075
1573
1551
1847
2480
1412
1063
1597
1643
1650
1732
1918
1251
1451
878
905
2401
1672
1175
1125
1148
1642
2013
2963
1465
1760
1921
1939
2210
1969
1250
2212
1281
1018
1937
1878
1683
2290
1784
1787
1378
1798
2067
1554
1488
2027
1053
1639
1994
1652
1810
2329
2031
2242
1424
1664
1550
2079
1943
1622
1497
1420
1387
776
1515
1440
2212
1039
1962
1845
2389
1132
2316
2019
1715
1861
1952
1215
1698
2331
1401
1768
1842
1024
2009
1595
2007
1356
1685
1530
1632
1815
2014
1491
2379
1123
405
1325
2078
1252
2490
2503
1756
2044
2427
1824
1430
1858
1738
2106
2030
2272
2400
2205
988
2390
1521
2197
2165
2421
2384
823
1699
2058
2323
1113
2594
2124
1434
2005
1428
1371
2142
2313
2054
1647
2011
1320
1450
1286
2289
1401
1613
1495
2710
1654
2275
2422
2447
1272
1742
1356
1747
1507
2074
1787
1478
2089
1495
1994
1198
2654
1948
1093
1840
2112
2018
1799
1980
1535
1358
2011
1502
1645
1755
2228
2193
1750
1582
1596
1398
1891
2049
2203
1921
2414
1609
1917
908
1120
1622
1215
1856
1872
2006
2576
1663
1744
1032
2312
1975
1819
1266
1813
1764
1256
1418
1389
1699
2392
2065
1510
1665
1630
1734
1739
1777
1162
2141
1522
1356
1160
1065
1486
1758
1510
760
2004
2140
694
1916
1757
1594
1819
1694
960
1479
1489
1932
1335
1100
1399
2484
1628
1826
1115
1169
1210
1538
1416
1180
1142
1356
1426
1139
1376
1432
937
803
1089
1672
868
2226
1334
1520
954
1403
1552
1303
1150
1806
823
1015
933
488
1455
1126
1287
1605
1580
1346
1392
1206
1914
1570
1536
1794
919
1378
1981
1452
1507
1770
867
1338
1085
2257
988
2241
1692
1876
789
1593
1622
1797
1489
1495
1256
1890
999
986
1061
1091
1776
680
1660
1772
1157
1600
1287
1422
1100
880
999
1684
897
1610
1593
1302
1235
852
1153
1272
1173
1350
1286
1293
1735
1473
1332
1903
1753
1098
1576
1290
1493
1507
1102
1174
1329
1635
1727
2107
1721
1545
1038
1349
924
2021
1482
1456
1641
1726
1177
1000
994
1861
1269
1501
1240
1212
1191
1896
1215
1219
1335
1664
1162
1326
1279
1402
1729
1286
1571
1354
1108
1665
1553
1218
987
1789
1133
858
877
1835
1377
914
1218
924
1249
1883
1239
1321
1199
1762
752
1164
1231
1073
1355
1079
1243
1030
884
1410
1296
1409
1158
1477
1211
1423
1348
1121
1029
1936
1015
998
1523
1370
1487
1437
1489
1121
1246
1794
996
1478
1437
1548
1203
1700
1008
1434
1372
1028
1371
1275
1103
1237
1109
1166
1052
1402
979
1212
1536
1560
1124
1507
1031
1417
1171
1428
1325
1423
1265
1476
841
1339
1421
1498
1444
1452
1035
1216
886
1465
1515
1503
1647
1294
1347
1478
1460
1984
1312
1384
914
1497
1315
1853
1235
632
700
1524
1187
1821
1246
1820
1386
1647
952
1158
1447
2090
1838
930
1614
836
1587
1942
653
1865
1294
2035
1330
1452
1005
1384
1329
1646
1150
1034
1466
1050
1278
1517
1353
1930
1488
908
1431
2141
1188
1609
1633
1011
861
1663
1562
1015
1346
1387
1304
1167
1331
1824
1405
1329
1246
839
1181
1615
1372
1585
1152
1978
1264
1727
1293
2530
1498
1574
1547
1901
1443
1426
1548
2267
965
1766
1191
1773
990
1953
1010
2388
882
1739
1043
2072
1883
1517
1733
132
925
2436
1341
1960
1657
2840
1184
1682
1593
1783
1391
1449
1629
1581
1944
1975
2791
1275
1159
1835
1678
2293
2005
1365
1195
1959
2321
1733
1435
2242
2115
2028
1257
1395
2399
1864
982
2151
1453
583
1304
1509
1280
1340
1665
2389
1622
1848
2194
1350
1869
2578
1921
2024
1597
952
1248
1724
2045
1157
1905
1091
1823
1605
1501
1346
1428
1910
1712
1084
2310
2041
1834
1398
2221
1397
2188
1533
1794
1816
2397
1399
1923
1919
1511
1695
1774
1684
1456
1908
1625
1941
1724
1600
1229
1754
2003
1269
2096
1695
574
2409
1712
2254
2005
1455
1931
1974
1643
1596
2040
1030
2571
1741
1629
2130
1003
1576
693
2226
1845
1910
2366
1128
1996
1502
2209
2073
1643
2618
1262
1670
1082
2190
1455
2061
1491
1794
1979
1623
1628
2464
1583
1704
1944
2145
624
2792
1813
1918
2620
2738
2115
1890
1214
1997
1583
1726
1655
1588
1150
1969
2426
2613
1752
1980
1673
1281
1524
1622
1991
2178
2658
1554
1631
1894
1624
1861
2173
1492
2128
2242
1673
1989
1611
2664
1782
1003
1131
2182
1648
1523
1390
2112
2039
1208
1576
1919
2158
2024
2006
1846
1887
2525
1514
1649
1623
2000
1801
1393
1414
1845
1746
2173
1463
2846
2523
1357
2256
2536
1546
1904
1869
2210
1899
1232
1608
1550
1365
1864
1586
1716
2176
1263
1968
1376
2098
1363
1924
997
2224
1843
1960
1745
2362
1689
2006
2045
1226
1633
2061
2080
2767
2005
1973
1870
2174
2308
2258
2382
2358
2623
1429
2071
1988
1178
1613
1563
2100
1289
1450
1615
1222
1499
1034
1103
1822
2500
1744
1282
1885
1779
1462
1596
1544
1643
2009
2317
2694
2290
2132
1451
2176
1690
2379
2424
1702
1289
1634
1996
2013
2446
2240
2148
2084
1931
2130
2658
2318
1814
2032
2321
1126
1954
1713
1841
1805
2229
1763
1528
1964
1536
1284
1499
1637
958
1625
1842
2142
2813
1563
2370
1064
2011
2592
1523
1764
1642
2418
1991
1967
1477
1765
1941
1991
1552
1403
1702
1538
2228
1157
1863
1591
2258
2213
1407
1886
1231
1242
1427
1896
2189
1295
1744
1792
2310
2075
952
1704
2240
2142
1921
1892
1500
2444
913
2571
1620
1764
1526
1739
2176
2098
2377
1822
2027
2251
731
2669
2004
1737
1704
1489
2058
1103
2752
2294
1637
780
1915
1883
1475
1204
1872
2048
1719
2321
1321
1429
1658
1302
2187
2096
2223
1527
1388
2074
1861
2497
1325
1414
1596
1930
1317
1367
1622
1682
1394
1486
1741
1786
1680
1420
1287
1730
1808
1770
1609
1957
1492
2216
1227
1465
1927
2144
1500
1846
1252
1691
1772
1796
1540
1507
1752
1688
1878
1977
1632
2418
1463
1662
1299
1231
1569
1626
1147
1900
1514
2449
1499
1939
1342
2434
1455
1456
1536
2256
1890
1523
1563
1842
1360
1543
1159
1383
1397
1383
1988
1446
1432
1628
1820
1686
1839
1620
1556
1910
1572
1985
1942
2407
1733
1679
1671
1552
1718
1871
1483
1505
1396
1779
1828
1790
1816
2344
1894
1649
1559
1511
1528
2033
1777
1358
1571
1613
2279
1725
1573
1785
1694
1231
1765
2099
1531
1784
1479
1318
1411
1633
1484
1641
1516
1378
1399
2022
1421
1375
1423
1584
1493
1864
1595
1472
1684
1669
1580
1615
1483
1685
1533
1586
1512
1579
1635
1993
1433
1802
1862
1707
1729
2067
1514
1849
1828
1728
1620
1629
1426
1556
1552
1787
1624
1744
1302
1639
1539
1816
1704
1782
1489
1826
1436
1711
1483
2085
1519
1754
1726
1880
1586
2073
1719
2088
1800
1857
1562
1709
1678
1515
1454
1722
1878
1953
1512
1878
1738
2002
1795
1828
1417
1878
1646
1765
1193
1616
1489
2049
1857
1798
1469
1828
1591
1816
1259
2184
1506
2197
1563
1992
1653
1872
2016
2045
1666
2614
1912
1262
1605
1778
1630
1981
1317
2461
1904
2276
1491
1988
1791
1683
1482
2213
1621
2233
1751
1679
1571
1091
1775
2288
1367
1466
1698
2611
1668
2146
1773
1710
1524
2260
1635
2521
1568
2071
1910
1468
1715
2200
1577
2034
1798
2005
1565
2060
1483
1255
1630
1829
1564
1261
1597
1652
1673
1998
1595
1467
1563
1458
1619
1777
1711
2314
1953
1692
1361
1767
1837
2017
1573
1754
1372
2489
2036
1789
2128
2462
1867
1551
1474
1544
1909
2237
1895
1350
1910
2132
1788
1924
1376
2144
2330
1476
1430
1508
1596
1902
1941
1456
1482
2322
2443
1693
2053
2065
555
2036
1972
2245
1637
1654
2212
1997
1690
1376
2185
1789
1682
1602
1762
2944
1779
2968
1710
1732
1405
2064
1579
2102
1831
2240
1423
1916
1650
2415
1633
2432
1395
2052
