Starting data capturing
Starting data capturing
Channel 0 Data:
0
0
0
0
0
0
0
0
0
0
0
0
0
0
0
0
0
0
0
0
0
0
0
0
0
0
0
0
0
0
0
0
0
0
0
0
0
0
0
0
0
0
0
0
0
0
0
0
0
0
0
0
0
0
0
0
0
0
0
0
0
0
0
0
0
0
0
0
0
0
0
0
0
0
0
0
0
0
0
0
0
0
0
0
0
0
0
0
0
0
0
0
0
0
0
0
0
0
0
0
0
0
0
0
0
0
0
0
0
0
0
0
0
0
0
0
0
0
0
0
0
0
0
0
0
0
0
0
0
0
0
0
0
0
0
0
0
0
0
0
0
0
0
0
0
0
0
0
0
0
0
0
0
0
0
0
0
0
0
0
0
0
0
0
0
0
0
0
0
0
0
0
0
0
0
0
0
0
0
0
0
0
0
0
0
0
0
0
0
0
0
0
0
0
0
0
0
0
0
0
0
0
0
0
0
0
0
0
0
0
0
0
0
0
0
0
0
0
0
0
0
0
0
0
0
0
0
0
0
0
0
0
0
0
0
0
0
0
0
0
0
0
0
0
0
0
0
0
0
0
0
0
0
0
0
0
0
0
0
0
0
0
0
0
0
0
0
0
0
0
0
0
0
0
0
0
0
0
0
0
0
0
0
0
0
0
0
0
0
0
0
0
0
0
0
0
0
0
0
0
0
0
0
0
0
0
0
0
0
0
0
0
0
0
0
0
0
0
0
0
0
0
0
0
0
0
0
0
0
0
0
0
0
0
0
0
0
0
0
0
0
0
0
0
0
0
0
0
0
0
0
0
0
0
0
0
0
0
0
0
0
0
0
0
0
0
0
0
0
0
0
0
0
0
0
0
0
0
0
0
0
0
0
0
0
0
0
0
0
0
0
0
0
0
0
0
0
0
0
0
0
0
0
0
0
0
0
0
0
0
0
0
0
0
0
0
0
0
0
0
0
0
0
0
0
0
0
0
0
0
0
0
0
0
0
0
0
0
0
0
0
0
0
0
0
0
0
0
0
0
0
0
0
0
0
0
0
0
0
0
0
0
0
0
0
0
0
0
0
0
0
0
0
0
0
0
0
0
0
0
0
0
0
0
0
0
0
0
0
0
0
0
0
0
0
0
0
0
0
0
0
0
0
0
0
0
0
0
0
0
0
0
0
0
0
0
0
0
0
0
0
0
0
0
0
0
0
0
0
0
0
0
0
0
0
0
0
0
0
0
0
0
0
0
0
0
0
115
233
343
423
492
561
620
686
727
696
694
713
707
712
772
794
811
837
840
904
921
914
986
1059
1062
1147
1159
1195
1236
1274
1343
1399
1480
1574
1672
1733
1794
1834
1883
1937
1994
2030
2056
2144
2146
2196
2198
2254
2262
2288
2300
2356
2347
2363
2391
2425
2394
2443
2418
2430
2448
2462
2493
2469
2524
2489
2521
2512
2544
2539
2563
2530
2541
2558
2565
2566
2564
2542
2546
2554
2560
2568
2558
2549
2555
2574
2579
2590
2562
2596
2604
2601
2569
2598
2610
2620
2605
2651
2632
2612
2616
2611
2615
2634
2638
2618
2617
2601
2644
2628
2627
2638
2627
2616
2644
2642
2621
2598
2613
2628
2630
2609
2622
2640
2634
2628
2611
2641
2642
2648
2650
2638
2638
2659
2665
2658
2662
2667
2650
2674
2684
2675
2653
2663
2667
2660
2664
2643
2643
2656
2638
2634
2630
2620
2613
2620
2622
2628
2640
2592
2592
2608
2590
2572
2567
2570
2551
2550
2538
2531
2528
2568
2511
2567
2534
2538
2526
2522
2540
2546
2534
2540
2568
2584
2560
2544
2558
2558
2544
2533
2556
2571
2552
2557
2568
2544
2565
2522
2548
2540
2544
2544
2529
2537
2526
2510
2509
2512
2520
2542
2510
2515
2525
2518
2512
2512
2496
2510
2516
2517
2490
2512
2496
2525
2516
2514
2515
2512
2487
2497
2509
2520
2498
2509
2528
2527
2549
2556
2525
2525
2561
2527
2546
2546
2542
2555
2542
2526
2532
2550
2540
2526
2542
2566
2530
2514
2554
2566
2579
2548
2554
2591
2570
2551
2563
2586
2569
2555
2562
2563
2569
2551
2542
2548
2544
2547
2543
2567
2566
2533
2530
2569
2564
2564
2541
2548
2570
2552
2548
2568
2541
2568
2546
2573
2554
2564
2576
2554
2560
2558
2561
2540
2562
2568
2576
2579
2576
2594
2548
2526
2570
2584
2611
2591
2576
2613
2604
2586
2600
2588
2607
2608
2608
2613
2598
2589
2612
2610
2586
2581
2592
2592
2590
2608
2569
2578
2590
2562
2595
2548
2576
2578
2572
2560
2549
2540
2566
2571
2561
2577
2541
2576
2558
2573
2534
2538
2550
2573
2528
2582
2578
2547
2580
2546
2548
2538
2570
2549
2568
2535
2553
2519
2555
2529
2544
2542
2557
2549
2547
2532
2535
2522
2536
2523
2538
2523
2554
2490
2548
2536
2512
2550
2534
2503
2499
2534
2532
2517
2504
2536
2505
2489
2531
2530
2483
2516
2526
2487
2491
2485
2512
2497
2494
2511
2520
2503
2524
2520
2500
2528
2476
2473
2476
2478
2469
2482
2475
2502
2483
2458
2490
2479
2475
2496
2484
2480
2472
2478
2443
2499
2493
2465
2482
2481
2470
2458
2473
2454
2489
2454
2528
2468
2470
2487
2439
2468
2463
2461
2444
2462
2451
2488
2476
2478
2466
2455
2495
2448
2492
2443
2495
2449
2477
2474
2469
2468
2439
2484
2469
2440
2454
2467
2484
2440
2451
2464
2482
2444
2472
2462
2460
2465
2476
2500
2471
2476
2466
2481
2459
2484
2468
2461
2486
2491
2492
2481
2474
2477
2481
2510
2482
2484
2450
2475
2483
2491
2472
2496
2495
2487
2471
2478
2473
2492
2452
2466
2464
2449
2492
2459
2477
2480
2458
2444
2459
2445
2434
2446
2440
2459
2451
2443
2443
2443
2445
2477
2456
2451
2451
2471
2505
2488
2495
2500
2512
2513
2551
2570
2602
2646
2688
2714
2748
2810
2836
2871
2935
2955
2994
3021
3093
3104
3168
3175
3214
3243
3265
3287
3336
3351
3361
3419
3386
3446
3452
3454
3467
3501
3507
3529
3516
3525
3532
3558
3552
3570
3543
3589
3626
3598
3628
3638
3661
3690
3703
3772
3857
3914
3972
4012
4027
4027
4028
4028
4028
4028
4028
4028
4027
4027
4028
4023
4027
4028
4027
4025
4030
4028
4028
4030
4028
4028
4028
4028
4028
4028
4028
4028
4028
4028
4029
4026
4028
4028
4029
4028
4028
4028
4028
4027
4029
4027
4028
4029
4028
4029
4029
4029
4029
4029
4029
4029
4027
4028
4029
4029
4029
4029
4029
4029
4028
4029
4028
4028
4028
4031
4029
4030
4027
4033
4029
4029
4029
4028
4029
4027
4028
4028
4029
4027
4027
4029
4030
4028
4028
4030
4028
4028
4030
4028
4023
4028
4029
4028
4029
4029
4028
4028
4026
4027
4030
4028
4029
4027
4029
4028
4028
4029
4027
4027
4027
4029
4029
4027
4028
4027
4028
4028
4028
4029
4027
4029
4027
4028
4027
4029
4027
4028
4028
4027
4028
4032
4028
4028
4023
4010
3956
3951
3918
3888
3846
3829
3820
3762
3773
3723
3666
3630
3638
3574
3556
3522
3468
3440
3419
3390
3333
3284
3263
3243
3184
3142
3143
3110
3054
3000
2981
2976
2923
2864
2875
2843
2788
2754
2726
2700
2660
2586
2580
2537
2512
2515
2437
2416
2370
2338
2282
2280
2248
2201
2127
2123
2094
2031
1998
1957
1922
1899
1856
1809
1763
1713
1673
1632
1597
1541
1499
1459
1417
1388
1331
1281
1278
1229
1205
1173
1136
1135
1098
1046
1042
1018
997
930
917
898
846
862
829
785
769
728
705
665
630
626
570
577
530
513
470
486
475
446
407
403
394
410
385
387
369
404
365
360
316
271
196
190
160
103
61
18
0
0
0
0
0
0
0
0
0
0
0
0
0
0
0
0
0
0
0
0
0
0
0
0
0
0
0
0
0
0
0
0
0
0
0
0
0
0
0
0
0
0
0
0
0
0
0
0
0
0
0
0
0
0
0
0
0
0
0
0
0
0
0
0
0
0
0
0
0
0
0
0
0
0
0
0
0
0
0
0
0
0
0
0
0
0
0
0
0
0
0
0
0
0
0
0
0
0
0
0
0
0
0
0
0
0
0
0
0
0
0
0
0
0
0
0
0
0
0
0
0
0
0
0
0
0
0
0
0
0
0
0
0
0
0
78
163
276
387
500
616
729
868
980
1060
1207
1296
1355
1442
1503
1586
1662
1713
1802
1883
1906
2004
2032
2092
2145
2155
2190
2252
2252
2305
2324
2386
2413
2438
2421
2456
2484
2498
2538
2541
2569
2613
2618
2665
2651
2681
2708
2703
2736
2744
2773
2762
2788
2814
2824
2816
2825
2830
2876
2852
2892
2881
2908
2895
2902
2926
2955
2936
2924
2945
2967
2971
2973
2974
2983
2973
2946
2974
2982
3012
2990
3003
3002
3038
2994
3042
3030
3022
3021
3068
3036
3055
3063
3065
3058
3056
3088
3044
3046
3044
3066
3074
3083
3068
3061
3051
3068
3060
3071
3059
3056
3099
3096
3064
3091
3105
3095
3076
3073
3068
3091
3061
3086
3094
3083
3089
3047
3044
3030
3035
2984
2998
2974
2992
2945
2962
2924
2938
2931
2932
2931
2917
2904
2911
2926
2911
2882
2889
2883
2902
2867
2864
2879
2892
2905
2854
2897
2914
2897
2879
2875
2896
2902
2852
2903
2880
2876
2855
2881
2876
2882
2848
2865
2843
2864
2840
2854
2861
2860
2870
2832
2840
2848
2840
2836
2838
2835
2813
2812
2819
2821
2810
2771
2796
2799
2820
2791
2800
2784
2781
2790
2778
2754
2770
2762
2748
2743
2726
2710
2716
2729
2736
2733
2724
2733
2740
2711
2714
2724
2734
2698
2723
2736
2713
2722
2709
2701
2718
2722
2715
2692
2699
2714
2720
2715
2716
2708
2711
2675
2687
2701
2686
2683
2683
2684
2681
2680
2696
2677
2656
2661
2662
2660
2672
2660
2658
2665
2649
2676
2631
2658
2658
2625
2638
2634
2613
2663
2603
2612
2612
2614
2656
2613
2633
2616
2618
2609
2628
2609
2612
2610
2607
2594
2624
2582
2616
2608
2617
2626
2617
2598
2638
2619
2614
2638
2598
2616
2626
2603
2622
2598
2610
2607
2605
2608
2634
2621
2617
2631
2600
2614
2616
2605
2616
2625
2608
2600
2573
2606
2598
2620
2601
2592
2576
2585
2576
2578
2578
2555
2582
2588
2564
2572
2587
2574
2555
2580
2564
2536
2550
2556
2573
2563
2555
2564
2556
2540
2574
2539
2550
2518
2548
2538
2545
2551
2543
2544
2560
2505
2528
2538
2523
2520
2536
2527
2532
2541
2487
2526
2505
2494
2520
2523
2534
2498
2494
2545
2512
2518
2496
2520
2489
2495
2509
2478
2480
2501
2474
2482
2507
2507
2505
2455
2485
2483
2493
2469
2490
2480
2470
2448
2503
2458
2441
2464
2463
2467
2466
2434
2446
2456
2470
2454
2468
2474
2481
2464
2438
2459
2453
2449
2431
2452
2440
2434
2436
2434
2453
2461
2418
2459
2440
2473
2464
2432
2435
2433
2442
2428
2452
2432
2434
2448
2450
2463
2433
2413
2471
2460
2449
2441
2449
2450
2434
2430
2460
2432
2431
2455
2457
2452
2424
2405
2432
2424
2431
2431
2428
2426
2410
2438
2421
2438
2417
2425
2405
2438
2415
2406
2414
2431
2451
2410
2407
2427
2423
2444
2407
2418
2415
2407
2431
2425
2410
2396
2434
2435
2424
2446
2468
2438
2457
2467
2474
2503
2546
2541
2589
2608
2683
2755
2771
2811
2828
2877
2928
2990
3043
3110
3136
3225
3276
3322
3412
3462
3495
3540
3624
3656
3700
3733
3781
3830
3844
3891
3938
3952
3959
3997
4026
4028
4027
4026
4028
4028
4026
4027
4026
4028
4028
4027
4027
4028
4027
4027
4028
4028
4027
4027
4028
4027
4028
4028
4027
4027
4027
4028
4028
4027
4028
4029
4026
4028
4027
4027
4028
4027
4028
4028
4029
4027
4028
4028
4028
4028
4028
4030
4028
4028
4028
4028
4030
4029
4029
4027
4028
4027
4029
4027
4027
4028
4028
4028
4027
4027
4028
4030
4028
4029
4028
4028
4028
4030
4028
4028
4029
4026
4029
4027
4030
4018
4028
4027
4028
4029
4027
4028
4028
4026
4028
4027
4028
4028
4028
4028
4028
4028
4028
4028
4028
4036
4028
4027
4028
4029
4027
4027
4027
4027
4028
4028
4028
4028
4026
4027
4027
4026
4027
4028
4027
4027
4027
4027
4027
4002
4003
3985
3949
3933
3883
3867
3826
3824
3754
3731
3686
3656
3639
3584
3556
3560
3501
3458
3408
3379
3370
3336
3277
3251
3195
3160
3127
3078
3067
3040
3014
2968
2922
2912
2880
2856
2834
2798
2751
2734
2700
2644
2589
2593
2554
2516
2458
2440
2422
2389
2349
2346
2285
2289
2240
2219
2186
2140
2114
2074
2072
2005
1980
1930
1910
1842
1833
1802
1771
1714
1677
1614
1621
1591
1575
1541
1523
1492
1497
1467
1464
1419
1429
1397
1399
1386
1346
1364
1328
1307
1331
1314
1261
1272
1256
1239
1210
1228
1206
1200
1176
1151
1164
1146
1130
1149
1126
1156
1129
1110
1082
1092
1088
1092
1082
1055
1046
1009
1021
1024
1016
971
990
994
984
976
990
969
948
943
966
967
950
927
924
918
897
916
907
910
888
900
877
874
878
856
833
847
836
855
821
848
840
822
798
802
783
812
786
774
775
777
775
750
775
761
769
762
762
714
715
705
715
713
712
691
675
686
670
656
668
670
667
659
630
631
640
639
607
606
624
605
608
566
602
577
546
577
553
566
548
543
514
532
509
535
500
500
496
493
486
486
496
460
459
488
464
439
459
454
437
436
421
411
435
422
408
422
404
388
372
373
370
376
387
365
342
336
340
346
327
369
351
321
348
308
312
331
333
318
301
292
294
284
261
299
267
291
249
261
292
261
241
269
247
232
229
258
220
245
207
209
220
207
197
171
180
173
158
136
160
142
156
137
119
123
115
134
144
135
162
196
216
275
288
340
384
443
512
585
659
764
843
927
987
1065
1162
1229
1277
1366
1443
1509
1572
1656
1720
1779
1855
1916
1973
2040
2107
2172
2203
2248
2306
2338
2380
2478
2477
2526
2548
2583
2624
2633
2692
2727
2759
2726
2795
2800
2824
2818
2864
2872
2915
2904
2920
2914
2931
2914
2944
2960
2960
3000
2978
3007
3018
3049
3008
3019
3075
3050
3073
3059
3078
3094
3112
3127
3110
3110
3136
3126
3128
3126
3120
3111
3139
3128
3134
3120
3115
3138
3128
3114
3120
3120
3111
3096
3127
3112
3134
3120
3100
3142
3132
3100
3098
3104
3126
3096
3117
3122
3127
3114
3103
3086
3108
3118
3098
3083
3090
3095
3085
3083
3086
3065
3067
3054
3036
3052
3019
3050
3024
3022
3002
2999
3003
2979
2998
2960
2982
2984
2989
2954
2957
2912
2892
2877
2896
2901
2876
2862
2867
2850
2816
2796
2836
2806
2798
2800
2821
2780
2803
2769
2804
2795
2775
2800
2760
2765
2792
2788
2746
2782
2776
2768
2761
2777
2752
2782
2746
2741
2765
2744
2752
2743
2744
2758
2743
2761
2733
2750
2733
2733
2709
2724
2713
2739
2717
2725
2735
2696
2745
2742
2747
2728
2742
2746
2748
2730
2738
2729
2725
2745
2697
2739
2702
2681
2692
2716
2666
2703
2654
2655
2668
2692
2658
2692
2670
2636
2652
2663
2664
2640
2642
2677
2648
2647
2630
2645
2660
2649
2638
2652
2667
2663
2674
2672
2699
2689
2679
2683
2693
2718
2683
2683
2687
2704
2696
2670
2696
2673
2660
2672
2670
2696
2702
2701
2700
2705
2720
2716
2722
2691
2715
2708
2691
2693
2696
2682
2705
2676
2698
2685
2710
2704
2689
2694
2716
2708
2695
2688
2679
2710
2712
2681
2677
2683
2683
2682
2687
2668
2676
2673
2700
2668
2680
2656
2657
2670
2682
2672
2681
2651
2674
2659
2651
2676
2657
2659
2664
2628
2643
2674
2643
2642
2618
2632
2631
2636
2620
2625
2653
2651
2633
2628
2636
2620
2626
2627
2612
2622
2619
2629
2600
2603
2633
2614
2632
2632
2587
2578
2603
2608
2624
2580
2595
2608
2599
2592
2615
2593
2608
2600
2623
2615
2599
2574
2597
2587
2606
2606
2587
2580
2596
2609
2605
2574
2583
2587
2587
2576
2571
2600
2576
2584
2581
2574
2596
2588
2593
2575
2608
2583
2582
2582
2588
2586
2582
2581
2570
2588
2580
2568
2572
2570
2597
2565
2563
2562
2570
2554
2560
2603
2593
2554
2587
2571
2551
2598
2575
2568
2549
2574
2580
2559
2574
2549
2553
2551
2551
2552
2555
2568
2558
2566
2567
2539
2527
2570
2554
2554
2539
2548
2539
2558
2562
2576
2561
2544
2572
2561
2565
2572
2572
2549
2547
2553
2545
2528
2549
2546
2533
2518
2555
2544
2573
2534
2544
2528
2559
2533
2558
2573
2550
2550
2551
2543
2543
2553
2563
2526
2528
2562
2546
2548
2559
2533
2526
2539
2548
2552
2536
2526
2519
2521
2507
2514
2509
2536
2534
2551
2533
2538
2519
2538
2538
2533
2532
2522
2543
2519
2554
2519
2556
2523
2509
2538
2531
2512
2523
2541
2523
2528
2537
2521
2557
2508
2522
2520
2519
2518
2554
2529
2536
2509
2512
2508
2513
2499
2541
2524
2490
2518
2497
2528
2495
2506
2529
2491
2500
2520
2496
2517
2490
2489
2494
2507
2495
2518
2522
2513
2504
2495
2520
2505
2531
2496
2550
2549
2515
2527
2536
2528
2514
2519
2546
2532
2542
2536
2518
2525
2556
2567
2541
2555
2565
2600
2579
2614
2617
2660
2630
2688
2686
2722
2755
2842
2918
2919
2919
2980
3014
3033
3047
3121
3126
3157
3176
3236
3226
3253
3258
3273
3300
3334
3378
3366
3416
3408
3447
3425
3494
3504
3520
3505
3512
3519
3524
3555
3586
3572
3643
3674
3682
3725
3753
3803
3848
3883
3912
3957
3954
3986
4027
4026
4027
4027
4027
4028
4027
4027
4027
4027
4040
4027
4027
4028
4028
4027
4028
4028
4027
4027
4027
4027
4028
4031
4027
4027
4027
4029
4028
4028
4027
4030
4028
4028
4027
4028
4027
4028
4029
4031
4028
4028
4029
4028
4028
4029
4028
4028
4030
4028
4028
4028
4028
4028
4029
4030
4027
4027
4029
4029
4028
4029
4028
4028
4029
4029
4029
4030
4032
4029
4029
4028
4028
4030
4030
4029
4028
4029
4029
4029
4028
4029
4029
4029
4028
4030
4028
4028
4028
4030
4028
4028
4029
4031
4029
4028
4028
4026
4029
4029
4027
4028
4028
4030
4029
4029
4028
4029
4030
4027
4030
4028
4029
4028
4028
4028
4029
4028
4030
4028
4028
4028
4029
4029
4028
4029
4026
4028
4028
4027
4028
4028
4027
4028
4028
4028
4026
4027
4027
4028
4028
4026
4028
4031
4027
4026
4026
4030
4026
4028
4027
4028
4027
4027
4027
4026
4026
4000
3973
3992
3972
3930
3930
3905
3874
3866
3805
3772
3770
3721
3721
3678
3694
3639
3637
3574
3544
3518
3512
3477
3433
3392
3378
3373
3364
3314
3312
3271
3249
3184
3219
3196
3167
3125
3080
3071
3065
3046
2992
2952
2958
2894
2880
2867
2823
2792
2744
2736
2727
2674
2638
2626
2603
2557
2518
2519
2465
2464
2400
2390
2363
2360
2312
2295
2299
2247
2241
2243
2221
2191
2196
2184
2190
2160
2137
2115
2112
2123
2102
2080
2106
2087
2087
2044
2045
2017
2004
2018
1968
1995
1958
1957
1946
1951
1906
1918
1916
1899
1878
1868
1841
1876
1831
1832
1855
1836
1813
1822
1781
1787
1802
1770
1741
1765
1761
1743
1761
1769
1746
1736
1720
1714
1715
1709
1694
1683
1715
1682
1693
1679
1684
1681
1690
1640
1683
1655
1642
1632
1652
1628
1640
1632
1619
1616
1602
1618
1609
1606
1623
1577
1591
1577
1577
1609
1585
1598
1576
1564
1534
1565
1568
1569
1551
1538
1547
1544
1542
1548
1515
1532
1543
1521
1520
1497
1498
1489
1472
1500
1468
1464
1500
1494
1465
1443
1463
1450
1458
1439
1447
1467
1466
1434
1438
1451
1417
1430
1457
1418
1430
1433
1420
1457
1426
1436
1432
1468
1448
1490
1488
1534
1546
1592
1613
1647
1689
1710
1735
1786
1835
1896
1949
2030
2091
2155
2220
2262
2338
2397
2441
2456
2521
2555
2590
2613
2656
2723
2793
2788
2845
2895
2925
2948
3009
3040
3062
3073
3119
3140
3148
3196
3177
3181
3209
3236
3222
3221
3252
3268
3273
3288
3300
3302
3275
3330
3347
3325
3325
3344
3362
3359
3364
3388
3377
3413
3392
3423
3386
3423
3402
3397
3403
3408
3403
3435
3445
3414
3402
3382
3425
3424
3434
3404
3396
3410
3403
3397
3398
3408
3396
3420
3398
3408
3400
3380
3382
3364
3365
3360
3367
3390
3386
3361
3364
3373
3370
3362
3331
3368
3348
3338
3322
3338
3357
3346
3355
3317
3341
3331
3305
3320
3314
3324
3320
3278
3289
3294
3300
3254
3288
3260
3265
3253
3247
3256
3266
3252
3230
3234
3235
3220
3212
3210
3207
3223
3201
3181
3219
3208
3204
3170
3190
3192
3151
3159
3148
3154
3109
3140
3109
3112
3062
3050
3093
3058
3048
3062
3039
3041
3056
3010
3042
3021
2998
3024
3003
2996
3029
2984
3014
3011
2987
2981
3003
2984
3015
2993
2983
3003
2976
2978
2999
2974
2972
2968
2967
2991
2982
2965
2991
2954
2967
2990
2957
2971
2980
2962
2943
2964
2988
2990
2958
2964
2964
2951
2946
2974
2978
2989
2996
2968
2947
2948
2948
2944
2954
2929
2936
2923
2916
2937
2916
2905
2906
2945
2900
2915
2919
2889
2897
2898
2898
2872
2904
2856
2867
2862
2879
2872
2832
2867
2841
2847
2853
2828
2822
2827
2832
2836
2853
2816
2815
2810
2805
2834
2804
2827
2804
2808
2792
2827
2807
2808
2828
2832
2816
2831
2798
2828
2795
2807
2808
2804
2784
2795
2815
2776
2796
2780
2808
2754
2791
2776
2771
2790
2769
2765
2778
2763
2784
2762
2778
2764
2771
2786
2779
2792
2748
2757
2774
2782
2752
2767
2771
2760
2731
2782
2765
2747
2772
2762
2768
2737
2806
2762
2750
2776
2744
2753
2732
2748
2766
2751
2758
2758
2747
2750
2744
2757
2753
2728
2734
2718
2721
2734
2728
2716
2740
2735
2715
2734
2738
2707
2712
2721
2693
2702
2725
2721
2708
2708
2716
2694
2729
2708
2687
2688
2674
2694
2667
2686
2677
2720
2692
2665
2699
2689
2674
2676
2666
2659
2674
2654
2666
2692
2661
2662
2682
2675
2672
2683
2688
2700
2668
2667
2689
2711
2692
2689
2710
2734
2707
2692
2730
2700
2719
2726
2753
2720
2731
2738
2708
2687
2680
2694
2696
2688
2701
2688
2683
2696
2686
2669
2665
2645
2692
2664
2650
2676
2648
2644
2636
2662
2634
2638
2629
2655
2641
2638
2628
2619
2617
2632
2642
2598
2591
2638
2619
2589
2628
2589
2621
2602
2588
2586
2600
2586
2604
2591
2617
2576
2624
2593
2579
2563
2592
2582
2582
2542
2582
2579
2596
2600
2582
2591
2589
2560
2582
2572
2597
2577
2600
2585
2592
2568
2597
2576
2562
2566
2560
2548
2568
2575
2584
2551
2564
2558
2589
2532
2583
2566
2569
2526
2543
2574
2568
2554
2578
2569
2550
2551
2565
2555
2555
2516
2568
2573
2563
2562
2564
2557
2599
2571
2550
2576
2584
2584
2609
2659
2697
2714
2754
2769
2805
2832
2837
2875
2938
2930
2985
3023
3077
3076
3112
3129
3138
3145
3191
3182
3218
3214
3214
3224
3244
3259
3270
3256
3272
3280
3304
3310
3331
3292
3321
3311
3342
3350
3337
3320
3370
3358
3402
3387
3388
3422
3420
3411
3400
3442
3447
3465
3455
3461
3501
3488
3484
3536
3536
3564
3559
3561
3571
3589
3565
3601
3617
3627
3614
3598
3602
3645
3652
3632
3625
3641
3623
3605
3626
3658
3625
3630
3664
3626
3640
3645
3647
3621
3624
3601
3600
3586
3613
3636
3596
3624
3596
3611
3583
3590
3615
3607
3601
3635
3603
3600
3622
3610
3623
3628
3585
3600
3602
3620
3620
3614
3600
3600
3603
3629
3625
3603
3619
3602
3615
3603
3604
3589
3606
3611
3627
3605
3637
3641
3642
3615
3647
3666
3650
3671
3652
3652
3687
3664
3691
3682
3687
3665
3661
3664
3679
3658
3626
3656
3661
3639
3629
3651
3650
3681
3666
3664
3669
3660
3659
3645
3665
3653
3657
3660
3646
3635
3645
3670
3668
3701
3670
3673
3697
3789
3834
3869
3936
3974
3989
4005
4013
4027
4027
4027
4026
4028
4028
4030
4027
4028
4028
4029
4027
4026
4027
4030
4028
4029
4027
4028
4027
4028
4028
4027
4026
4028
4028
4028
4028
4026
4028
4027
4028
4028
4029
4027
4028
4026
4028
4028
4021
4028
4028
4029
4029
4031
4028
4028
4028
4028
4028
4029
4026
4029
4028
4028
4028
4031
4028
4029
4027
4028
4027
4029
4028
4027
4027
4027
4028
4029
4028
4027
4029
4029
4027
4027
4029
4028
4027
4027
4027
4026
4028
4028
4028
4024
4029
4027
4029
4033
4027
4029
4029
4028
4030
4027
4027
4027
4028
4028
4028
4028
4030
4027
4027
4028
4028
4027
4028
4029
4027
4030
4029
4028
4028
4028
4028
4028
4028
4028
4029
4028
4027
4029
4028
4028
4028
4028
4028
4027
4028
4029
4030
4028
4027
4028
4027
4028
4028
4027
4028
4026
4026
4026
4026
4027
4027
4027
4026
4027
4028
4024
4017
3970
3978
3976
3955
3944
3951
3938
3928
3917
3888
3880
3870
3882
3859
3815
3818
3782
3764
3762
3766
3745
3722
3735
3716
3673
3661
3634
3625
3593
3614
3562
3536
3514
3507
3492
3472
3437
3435
3431
3379
3386
3362
3348
3290
3282
3246
3211
3219
3184
3162
3143
3125
3080
3093
3028
3052
2994
2987
2924
2917
2908
2896
2835
2812
2795
2749
2722
2706
2680
2647
2621
2598
2557
2554
2518
2464
2453
2431
2384
2332
2346
2301
2286
2234
2210
2205
2139
2135
2098
2070
2041
2006
1989
1955
1962
1929
1860
1860
1819
1801
1767
1746
1690
1689
1619
1603
1595
1556
1504
1484
1467
1414
1417
1380
1346
1339
1291
1298
1270
1233
1231
1204
1181
1152
1134
1134
1116
1090
1064
1033
1032
1036
1002
982
1008
973
977
969
942
937
909
925
883
886
884
876
851
855
845
817
817
807
801
810
775
800
838
799
805
835
830
849
852
891
891
917
987
995
1029
1042
1089
1105
1168
1225
1269
1306
1366
1421
1434
1487
1559
1599
1692
1745
1813
1901
1962
1986
2045
2128
2150
2199
2254
2306
2381
2434
2500
2554
2608
2644
2672
2700
2737
2809
2812
2867
2876
2935
2940
2971
2998
3031
3033
3068
3058
3103
3068
3128
3112
3128
3143
3122
3148
3148
3172
3186
3164
3178
3194
3179
3210
3197
3225
3166
3218
3198
3226
3204
3203
3213
3217
3189
3220
3185
3186
3220
3200
3179
3187
3184
3167
3200
3171
3186
3165
3183
3208
3189
3181
3209
3199
3195
3162
3171
3159
3188
3168
3171
3149
3178
3167
3143
3166
3184
3181
3150
3169
3157
3162
3130
3159
3118
3154
3119
3143
3120
3114
3102
3095
3047
3044
3036
3045
3063
3061
3047
3042
3038
3028
3039
3008
3047
3006
3032
3012
3042
2994
2986
3000
3002
3000
2972
2937
2970
2960
2990
2958
2980
2981
3004
2942
2967
2964
2972
2969
2958
2966
2971
2967
2983
2950
2962
2970
2933
2925
2955
2928
2932
2922
2921
2935
2906
2923
2910
2917
2886
2903
2918
2879
2893
2881
2893
2871
2876
2855
2884
2885
2857
2847
2845
2829
2854
2834
2802
2810
2814
2803
2832
2807
2807
2801
2808
2819
2799
2808
2836
2807
2797
2801
2792
2797
2822
2797
2792
2797
2799
2806
2778
2785
2757
2780
2736
2749
2751
2770
2756
2800
2804
2794
2803
2801
2817
2801
2819
2793
2786
2816
2797
2803
2811
2783
2764
2780
2769
2766
2783
2768
2797
2759
2748
2754
2774
2747
2752
2760
2732
2732
2710
2719
2698
2732
2702
2731
2694
2718
2717
2707
2719
2720
2674
2711
2691
2700
2660
2650
2655
2660
2674
2665
2634
2648
2628
2645
2643
2639
2635
2650
2644
2643
2626
2610
2625
2618
2619
2647
2640
2632
2623
2642
2611
2628
2638
2613
2642
2606
2627
2602
2601
2571
2644
2627
2627
2612
2615
2610
2601
2636
2641
2642
2624
2628
2592
2627
2598
2615
2603
2619
2580
2627
2598
2600
2605
2624
2564
2603
2607
2588
2584
2578
2608
2597
2554
2585
2588
2597
2578
2576
2570
2584
2592
2554
2570
2552
2576
2568
2568
2549
2571
2589
2554
2550
2564
2517
2550
2573
2570
2578
2568
2564
2568
2577
2558
2568
2560
2570
2548
2539
2542
2551
2558
2552
2527
2554
2529
2546
2579
2541
2567
2561
2563
2578
2577
2558
2544
2533
2562
2563
2558
2538
2562
2563
2556
2550
2549
2535
2546
2544
2526
2535
2528
2533
2539
2510
2526
2548
2536
2544
2542
2554
2556
2544
2534
2550
2574
2594
2582
2620
2602
2661
2632
2644
2658
2649
2670
2688
2720
2750
2715
2748
2753
2782
2768
2804
2788
2828
2846
2826
2850
2872
2852
2876
2894
2905
2946
2938
2975
2938
2918
2922
2975
2994
2983
2989
3005
2998
3045
3018
3036
3047
3032
3026
3056
3040
3023
3022
2988
2998
2992
3006
2954
2983
2995
2986
2962
2954
2951
2959
2936
2939
2949
2957
2924
2909
2953
2901
2914
2899
2902
2916
2909
2924
2936
2930
2922
2964
2968
2955
2976
2949
2968
2994
3028
3002
3059
3053
3052
3035
3088
3074
3120
3128
3140
3160
3172
3182
3156
3178
3170
3188
3213
3208
3254
3232
3256
3301
3330
3358
3362
3411
3445
3472
3468
3496
3527
3574
3562
3566
3590
3589
3584
3619
3638
3643
3674
3675
3726
3708
3731
3713
3749
3744
3776
3760
3792
3788
3802
3779
3764
3771
3762
3779
3790
3779
3767
3790
3804
3783
3795
3782
3740
3768
3743
3760
3767
3790
3758
3764
3726
3774
3754
3746
3714
3751
3752
3732
3736
3760
3747
3752
3768
3793
3750
3752
3778
3754
3765
3761
3762
3790
3780
3796
3799
3787
3786
3777
3776
3792
3777
3788
3790
3767
3798
3776
3837
3847
3900
3942
3992
4026
4026
4026
4027
4028
4027
4036
4028
4025
4027
4029
4026
4028
4028
4027
4027
4026
4027
4028
4026
4027
4028
4027
4027
4028
4030
4028
4027
4027
4028
4033
4027
4028
4029
4027
4027
4037
4027
4028
4027
4028
4028
4028
4027
4027
4028
4020
4029
4030
4027
4026
4028
4028
4028
4026
4029
4027
4028
4026
4028
4027
4027
4028
4028
4028
4027
4028
4028
4029
4027
4028
4030
4029
4027
4027
4026
4027
4028
4028
4027
4029
4028
4027
4028
4028
4028
4029
4027
4028
4028
4028
4031
4027
4027
4026
4027
4027
4028
4027
4027
4028
4029
4029
4027
4026
4027
4028
4027
4028
4029
4029
4028
4027
4029
4027
4028
4028
4027
4028
4027
4028
4027
4028
4027
4026
4029
4027
4027
4028
4027
4028
4027
4028
4026
4026
4028
4027
4029
4026
4028
4028
4027
4026
4027
4028
4027
4028
4029
4028
4028
4027
4027
4027
4028
4026
4028
4026
4026
4018
4019
4007
4011
3971
3957
4002
4002
3991
3990
3992
3988
3978
3952
3953
3930
3934
3946
3934
3940
3914
3899
3884
3874
3900
3864
3852
3874
3843
3853
3832
3851
3855
3838
3825
3837
3836
3833
3787
3822
3782
3777
3800
3775
3766
3771
3789
3805
3808
3856
3881
3873
3838
3886
3863
3907
3910
3880
3903
3891
3892
3902
3934
3870
3909
3900
3900
3885
3876
3861
3856
3838
3824
3816
3804
3799
3832
3785
3795
3798
3796
3803
3762
3755
3744
3738
3722
3724
3673
3703
3704
3674
3681
3669
3640
3650
3610
3594
3585
3580
3547
3541
3540
3516
3493
3466
3444
3448
3419
3423
3423
3400
3385
3341
3347
3365
3350
3318
3304
3278
3289
3256
3243
3272
3255
3222
3191
3182
3187
3157
3150
3128
3115
3121
3083
3076
3102
3045
3028
3021
3007
2969
2945
2956
2941
2921
2909
2893
2879
2875
2834
2836
2814
2815
2802
2781
2743
2748
2756
2731
2711
2686
2686
2638
2622
2619
2608
2567
2550
2567
2570
2504
2524
2502
2499
2450
2492
2441
2428
2446
2419
2397
2372
2373
2366
2339
2342
2336
2300
2299
2261
2240
2243
2242
2211
2209
2177
2216
2154
2171
2166
2166
2169
2132
2116
2106
2093
2096
2113
2092
2074
2075
2047
2056
2063
2023
2050
2031
2017
2014
2046
2016
1994
2016
2011
1990
1999
1978
2000
1952
1991
1979
1983
1972
1972
1963
1966
1947
1951
1953
1948
1929
1917
1928
1947
1906
1905
1923
1903
1911
1882
1912
1896
1908
1890
1927
1918
1948
1892
1913
1912
1899
1906
1886
1890
1913
1914
1911
1931
1941
1935
1940
1967
1963
1953
1930
1938
1976
1980
1967
1992
1981
1996
2004
2018
2010
2017
2037
2053
2043
2051
2076
2080
2091
2099
2125
2130
2160
2193
2187
2224
2219
2227
2235
2228
2249
2272
2246
2290
2292
2328
2320
2355
2322
2348
2357
2337
2334
2337
2343
2304
2291
2271
2254
2256
2203
2209
2214
2187
2162
2139
2123
2095
2014
2032
1996
1926
1902
1895
1883
1871
1826
1831
1817
1822
1783
1763
1772
1768
1755
1734
1740
1753
1731
1727
1740
1752
1732
1713
1712
1744
1703
1690
1743
1705
1717
1717
1712
1699
1704
1726
1691
1737
1747
1712
1714
1698
1732
1711
1728
1717
1716
1733
1722
1723
1727
1719
1731
1750
1745
1720
1760
1718
1730
1729
1743
1731
1730
1694
1719
1704
1715
1732
1714
1712
1686
1696
1705
1642
1675
1664
1656
1655
1653
1654
1634
1663
1655
1626
1622
1653
1623
1629
1627
1644
1609
1624
1625
1597
1589
1616
1619
1625
1578
1606
1596
1614
1620
1633
1602
1598
1621
1608
1592
1561
1600
1564
1555
1578
1543
1543
1548
1518
1540
1507
1535
1512
1494
1474
1486
1509
1482
1503
1504
1512
1533
1534
1572
1597
1607
1642
1668
1695
1778
1783
1836
1870
1903
1934
1951
1991
2023
2076
2114
2129
2179
2190
2248
2249
2287
2345
2354
2356
2419
2425
2472
2522
2527
2484
2543
2535
2553
2556
2553
2598
2602
2604
2652
2690
2677
2709
2704
2770
2684
2757
2708
2658
2685
2683
2680
2667
2763
2782
2690
2702
2675
2659
2641
2670
2656
2656
2638
2661
2664
2666
2652
2638
2670
2636
2619
2632
2635
2641
2674
2669
2692
2671
2710
2709
2696
2700
2709
2698
2704
2700
2676
2708
2712
2748
2735
2791
2810
2768
2712
2734
2768
2721
2687
2639
2623
2585
2587
2582
2546
2546
2516
2486
2500
2450
2468
2427
2428
2420
2416
2392
2390
2382
2382
2357
2352
2375
2368
2322
2361
2353
2336
2313
2339
2333
2332
2348
2311
2318
2314
2305
2317
2294
2291
2293
2272
2288
2262
2260
2231
2223
2229
2221
2186
2186
2191
2179
2149
2168
2122
2160
2147
2136
2126
2123
2128
2144
2147
2154
2160
2198
2207
2213
2246
2214
2258
2267
2269
2225
2270
2251
2248
2258
2270
2266
2268
2263
2295
2259
2259
Channel 1 Data:
1944
1710
2097
1904
1934
1911
2078
1988
1875
1915
1936
1916
1947
1986
1967
2014
2084
1931
1932
1896
1970
1850
2019
1814
1973
1950
1970
1966
1931
1933
1950
1794
1915
1889
2009
1935
1932
1851
1962
1920
1813
1897
1942
1906
2015
1961
1933
1894
1865
1981
1926
1870
1892
1995
1995
1952
1917
1908
1942
1994
1909
1860
1938
1907
1885
1934
1926
1952
1997
1873
1753
1890
1894
1969
1904
1916
1939
1956
1912
1918
1943
1930
1849
2027
1934
1948
1915
1934
1985
1916
1904
1857
1910
1940
1952
1945
1957
1872
2017
1924
1883
1978
1868
1891
2038
1960
2008
1939
1993
1902
1818
1898
1965
1882
1907
1846
1937
1857
1958
1843
1999
1877
1920
1938
1981
1828
1939
1848
1866
1910
1931
1951
1957
1906
2102
1813
1894
1955
1907
1933
1892
1886
1998
1923
1976
1926
1964
1857
1983
1916
1915
1868
1924
1864
1961
1890
1915
1957
1972
1844
1981
1873
1975
1899
2027
1971
1856
1900
1910
2000
1992
1872
1936
1947
1951
2021
2010
1936
1946
1823
2092
1888
2047
1932
1936
1996
1941
1903
1966
1971
1911
1917
1927
1864
1955
1911
2024
1901
1932
1955
1934
1902
1952
1929
1974
1946
1788
1919
1912
1915
2016
1884
1948
1860
1780
2008
1904
1947
1902
1927
1987
1868
1950
1977
1930
1921
1864
1938
1942
1977
1932
1924
1924
1930
1939
1926
1879
1898
1990
1851
1864
1897
1944
1930
1908
1974
1928
1903
1957
1907
1990
1921
1945
1868
1965
1956
1957
2000
1947
1988
1935
1973
1980
1976
1987
1953
1969
1923
1910
1920
1907
1912
1906
1918
1863
1930
2005
1963
1958
1861
1910
1982
1936
1978
1977
1864
1994
1900
1938
1919
1945
1946
1914
1908
1947
1973
1961
1918
1907
1986
2022
1946
1917
2040
1951
1862
1941
1926
1933
2027
1975
1921
1932
1960
2013
1929
1966
1960
1949
2007
2025
1888
1963
1976
1981
1908
1931
1873
1942
1909
1983
1940
1924
1911
1974
2003
1916
1946
1978
1989
1906
1863
1947
1928
1962
1963
1959
1843
1970
1926
1950
1873
1866
2008
1900
1938
1941
1939
1908
1947
1928
1896
1976
1912
1902
1933
1960
1889
1928
1919
1947
1970
1929
1880
1960
1885
1962
2005
1941
1912
1998
1988
2012
1884
1961
1931
2024
1892
1968
1783
1994
1867
1897
1953
1894
1930
1974
1787
1994
1866
1934
1954
1946
1902
1951
1920
1927
1847
1966
2031
1902
1938
1960
1904
1904
1902
1996
1952
1975
1932
1960
1938
1875
1960
1953
1992
1900
1910
1838
1899
1872
1925
1855
2031
1934
1971
1891
1942
1952
1932
1934
1901
1905
2008
1970
2018
1901
1906
2004
1990
1926
1880
1928
1997
1952
2010
1799
1880
1959
1992
1911
1906
1844
1987
1987
1931
1892
2032
1918
1995
1920
1964
2052
1917
1972
2004
1872
1954
1890
1910
1967
1935
1966
1984
1969
1888
1880
1948
1977
2030
1889
1934
2017
1774
1882
1937
1967
2041
1909
1972
1946
1881
1969
1909
2013
1850
1993
1981
1952
1990
1998
1938
1936
1854
1901
1907
1939
1851
1861
1954
1994
1856
2077
2036
2004
1936
1926
1868
1946
1952
2049
1860
1976
1832
2029
1963
1943
1832
1888
1910
1900
1893
1934
1810
1916
1884
1878
1867
2030
1930
1902
1878
1915
1873
1970
1901
2025
1931
1923
1932
1973
1889
1876
1943
1959
1848
1840
1838
1883
1921
1900
1910
1738
1739
1845
1810
1827
1890
1894
1869
1820
1827
1919
1896
1878
2002
1836
1795
1920
1847
1863
1867
1908
1850
1772
1884
1841
1810
1687
1894
1698
1778
1846
1860
1851
1702
1866
2000
1801
1851
1795
1955
1723
1720
1758
1933
1774
1737
1910
1868
1713
1880
1790
1736
1678
1893
1864
1794
1865
1850
1789
1787
1832
1881
1777
1868
1739
1866
1814
1854
1817
1834
1851
1902
1879
1782
1869
1834
1755
1650
1839
1782
1758
1910
1820
1796
1823
1859
1754
1817
1777
1741
1812
1803
1650
1803
1809
1872
1788
1777
1800
1742
1799
1785
1826
1675
1728
1767
1803
1764
1811
1821
1782
1804
1824
1760
1768
1850
1905
1759
1781
1785
1831
1773
1871
1738
1827
1785
1886
1794
1788
1789
1592
1678
1748
1744
1792
1839
1718
1755
1552
1684
1782
1807
1760
1600
1740
1683
1824
1693
1720
1741
1903
1776
1690
1777
1834
1694
1565
1765
1678
1822
1715
1771
1659
1670
1737
1739
1647
1776
1747
1805
1795
1844
1669
1856
1791
1678
1806
1755
1831
1775
1703
1742
1832
1844
1804
1684
1657
1772
1684
1722
1869
1593
1728
1746
1669
1673
1733
1753
1694
1751
1744
1825
1699
1556
1741
1733
1702
1635
1747
1656
1672
1784
1788
1809
1648
1714
1681
1832
1641
1773
1828
1691
1678
1700
1794
1702
1706
1793
1720
1698
1704
1893
1732
1810
1692
1790
1760
1682
1682
1763
1716
1711
1475
1691
1662
1724
1833
1721
1745
1746
1773
1726
1772
1676
1644
1812
1740
1683
1656
1748
1726
1673
1648
1750
1681
1587
1800
1604
1734
1688
1717
1776
1662
1721
1755
1736
1630
1692
1827
1688
1852
1771
1795
1684
1718
1691
1688
1754
1734
1713
1698
1652
1736
1846
1751
1600
1656
1789
1771
1718
1789
1723
1735
1810
1758
1695
1699
1707
1821
1653
1722
1686
1702
1596
1608
1700
1694
1712
1673
1744
1464
1673
1738
1682
1754
1677
1751
1701
1781
1682
1594
1707
1728
1644
1675
1717
1759
1780
1628
1728
1682
1772
1714
1791
1773
1712
1639
1629
1730
1699
1722
1681
1822
1677
1683
1758
1663
1836
1699
1793
1747
1690
1685
1786
1645
1654
1750
1760
1707
1627
1799
1638
1667
1680
1597
1734
1602
1781
1819
1741
1758
1687
1620
1668
1653
1712
1766
1727
1720
1746
1714
1733
1891
1716
1840
1703
1658
1152
1741
1473
1720
1635
1772
1586
1715
1715
1655
1856
1802
1718
1813
1746
1740
1570
1687
1722
1642
1758
1721
1740
1717
2088
1694
1757
1674
1864
1683
1763
1739
1327
1655
1692
1747
1342
1714
1707
1730
1923
1922
1713
1723
2244
1697
1819
1552
2200
1693
1716
1807
1727
1857
1721
1745
1828
1725
1724
1804
1725
1701
1713
1762
1745
1713
1800
1731
1609
1611
1739
1684
1710
1795
1643
1719
1677
1786
1735
1724
1693
1669
1758
1729
1775
1760
1795
1723
1750
1830
1582
1712
1818
1758
1743
1699
1763
1787
1599
1750
1723
1658
1698
1712
1636
1649
1537
1626
1677
1692
1741
1703
1811
1732
1702
1722
1787
1815
1708
1761
1794
1793
1767
1778
1925
1691
1702
1703
1868
1722
1672
1696
1695
1708
1704
1805
1734
1719
1763
1736
1781
1966
1683
1828
1787
1690
1775
1801
1804
1754
1767
1826
1750
1756
1735
1792
1726
1738
1769
1869
1772
1769
1912
1820
1849
1857
1870
1811
1837
1842
1897
1847
1925
1933
1902
1871
1883
1881
1901
1802
1817
1784
1864
1819
1949
1842
1783
1867
1786
1987
1893
1852
1810
1897
2039
1913
1972
1865
1962
1873
1913
1988
1877
1823
1792
1841
1914
1880
1920
1955
1953
1717
1918
1915
1896
1927
1983
1981
1762
1888
2009
2012
1995
2026
2071
1972
1967
1988
2036
1974
1898
2077
2037
1991
1932
1889
1943
1900
1983
1989
2003
1957
2017
2111
1990
1946
2068
2056
2164
1915
2078
2078
2132
1987
2116
2013
1992
2038
2057
2021
1976
1965
2027
2034
2022
2006
2044
1995
2040
1976
2038
2107
2016
2168
2164
2186
2055
2109
2047
2080
2143
2097
1999
2007
2070
2076
2283
2074
1966
2096
2099
2104
2076
2103
2085
2218
2031
2062
2124
2257
2152
2171
2141
2157
2077
2133
2138
1970
2092
2184
2120
2114
2201
2241
2089
1942
2102
2056
2084
2077
2313
2148
2090
2126
2210
2104
2104
2138
2204
2056
2276
2132
2196
2112
2186
2180
2237
1980
2151
2167
2112
2110
2130
2122
2170
2034
2083
2296
2098
2099
2127
2101
2182
2181
2250
2176
2142
2119
2269
2272
2241
2128
2197
2145
2208
2185
2200
2108
2139
2162
2174
2077
2101
2096
2172
2164
2183
2052
2178
2179
2037
2158
2235
2197
2116
2211
2137
2166
2238
2154
2188
2211
2178
2096
2168
2155
2144
2308
2058
2101
2217
2267
2228
2176
2238
2215
2304
2186
2200
2300
2332
2117
2294
2318
2043
2112
2276
2200
2181
2188
2241
2223
2124
2240
2160
2190
2102
2174
2102
2224
2186
2326
2252
2214
2134
2342
2153
2230
2208
2283
2061
2141
2203
2225
2348
2205
2214
2152
2045
2234
2146
2244
2107
2244
2186
2189
2195
2299
2204
2264
2288
2200
2147
2242
2286
2116
2133
2229
2224
2215
2224
2221
2240
1932
2125
2212
2158
2143
2256
2233
2147
2148
2196
2156
2212
2183
2260
2198
2195
2173
2280
2120
2355
2208
2281
2195
2224
2213
2176
2120
2182
2212
2184
2097
2223
2381
2252
2181
2078
2205
2169
2181
2287
2178
2141
2190
2388
2211
2260
2244
2277
2015
2301
2176
2244
2066
2094
2158
2128
2091
2104
2112
2150
2106
2199
2144
2208
2144
2156
2186
2264
2208
2167
2255
2069
2117
2205
2136
2189
2162
2179
2205
2032
2158
2183
2082
2264
2108
2157
2118
2128
2176
2120
2152
2124
2098
2129
2185
2097
1960
2187
2096
2240
2074
2153
2017
2125
2072
2128
2058
1972
2115
2082
2100
2004
2171
2051
2074
2014
2050
2000
2025
2088
2072
2047
2021
2013
2082
2100
1932
2027
2189
2067
2053
2007
2034
1996
2029
1977
1991
1925
2016
1990
1973
1859
1928
2040
1956
1957
1979
1887
1923
1970
1893
1944
1936
1990
1941
1926
1950
1880
1739
1963
2000
1872
1892
1930
1856
1938
1897
1958
1919
1875
1865
1969
1917
1866
1859
1884
1834
1904
1872
1992
1860
1890
1876
1826
1804
1822
1788
1879
1795
1827
1829
1896
1732
1796
1787
1898
1803
1779
1896
1816
1822
1761
1756
1815
1802
1932
1791
1794
1787
1858
1737
1659
1808
1824
1898
1857
1809
1749
1676
1748
1809
1792
1648
1847
1760
1799
1742
1761
1790
1647
1753
1796
1729
1795
1773
1782
1723
1618
1668
1791
1818
1805
1772
1682
1721
1770
1800
1858
1715
1760
1752
1732
1787
1726
1774
1778
1811
1763
1787
1738
1694
1752
1697
1763
1723
1691
1749
1734
1760
1642
1717
1686
1726
1725
1693
1702
1724
1745
1739
1747
1813
1765
1878
1729
1691
1700
1920
1712
1878
1732
1710
1753
1670
1722
1734
1760
1740
1745
1761
1650
1754
1724
1703
1693
1720
1742
1720
1806
1612
1753
1666
1782
1574
1695
1686
1754
1749
1694
1700
1714
1633
1688
1662
1726
1743
1750
1685
1692
1598
1760
1694
1722
1649
1640
1708
1682
1684
1768
1678
1693
1724
1544
1669
1713
1660
1751
1650
1662
1670
1779
1623
1742
1730
1718
1712
1643
1727
1679
1650
1681
1689
1689
1638
1736
1659
1676
1728
1752
1613
1667
1677
1653
1713
1710
1644
1663
1738
1724
1724
1719
1611
1687
1636
1711
1604
1683
1721
1663
1574
1719
1684
1682
1672
1707
1685
1665
1581
1756
1599
1714
1717
1593
1613
1731
1686
1652
1672
1721
1690
1738
1724
1714
1542
1744
1680
1612
1666
1663
1739
1663
1548
1674
1739
1701
1670
1664
1758
1619
1649
1652
1746
1669
1758
1700
1680
1789
1655
1680
1642
1580
1633
1692
1646
1620
1768
1650
1673
1665
1757
1761
1672
1605
1548
1764
1601
1644
1770
1763
1644
1700
1649
1576
1638
1617
1714
1730
1674
1656
1708
1767
1656
1715
1676
1652
1644
1638
1705
1634
1720
1617
1653
1682
1648
1749
1728
1785
1646
1688
1677
1669
1703
1726
1711
1691
1697
1791
1664
1685
1651
1753
1672
1645
1707
1826
1706
1738
1690
1671
1681
1682
1650
1728
1591
1707
1704
1732
1696
1718
1701
1717
1611
1726
1654
1738
1660
1810
1644
1742
1665
1621
1711
1652
1739
1763
1675
1730
1694
1748
1677
1766
1693
1802
1622
1722
1701
1733
1723
1730
1785
1785
1643
1679
1701
1653
1586
1764
1634
1744
1686
1728
1622
1733
1773
1630
1689
1690
1709
1812
1678
1782
1640
1768
1668
1688
1752
1786
1784
1758
1608
1730
1812
1727
1730
1733
1726
1724
1773
1722
1690
1687
1679
1773
1750
1866
1734
1796
1846
1662
1727
1804
1764
1746
1761
1777
1717
1684
1892
1778
1738
1750
1642
1760
1708
1718
1804
1752
1746
1772
1750
1801
1751
1803
1882
1764
1780
1787
1780
1716
1774
1872
1824
1690
1774
1792
1781
1813
1759
1720
1707
1730
1699
1837
1768
1812
1772
1834
1810
1814
1901
1753
1874
1849
1879
1864
1872
1805
1918
1911
1842
1791
1794
1908
1810
1788
1844
1879
1820
1875
1859
1880
1775
1872
1862
1898
1623
1944
1844
1904
1941
1855
1929
1908
1748
1918
1887
1940
1928
1915
1868
1907
1965
2066
1965
1972
1978
2042
1856
1952
1999
2016
1969
1993
1934
2003
1979
2019
1926
1988
1896
1970
2064
1956
1892
1958
1964
2003
1976
2027
1937
1977
1921
1820
2055
1965
1984
2067
2027
2024
2028
2086
2017
2012
2041
2117
2060
2010
2075
2039
2003
2073
1989
2012
2066
2016
2153
2110
1954
2060
2031
2130
2131
2129
2110
2143
2084
2076
2109
2083
2088
2068
2043
2088
2031
2113
2148
2160
2106
2113
2161
2069
1964
2032
2177
2038
2044
2077
2050
2188
2030
2092
2153
2101
2116
2149
2165
1999
2094
2176
2114
2014
2142
2125
2070
2137
2137
2141
2138
2055
2015
2100
2115
2051
2231
2137
2126
2140
2083
2245
2168
2093
2333
2167
2164
2148
2228
2318
2209
2115
2168
2107
2132
2101
2217
2096
2106
2186
2094
2227
2151
2126
2173
2105
2092
2218
2167
2321
2157
2230
2154
2094
2266
2146
2245
2219
2205
2156
2147
2280
2134
2246
2106
2217
2114
2215
2198
2178
2214
2171
2188
2234
2163
2307
2229
2200
2165
2286
2039
2177
2249
2238
2144
2278
2198
2218
2131
2232
2218
2219
2068
2216
2153
2202
2186
2226
2224
2146
2213
2390
2175
2293
2268
2304
2202
2093
2247
2263
2293
2276
2190
2206
2054
2246
2161
2294
2099
2301
2196
2265
2183
2297
2288
2295
2137
2174
2204
2261
2259
2353
2264
2295
2155
2297
2153
2241
2162
2235
2202
2261
2196
2153
2284
2208
2157
2258
2206
2282
2259
2310
2218
2272
2176
2224
2419
2292
2328
2334
2317
2301
2316
2313
2265
2264
2327
2302
2322
2208
2276
2343
2388
2231
2241
2216
2298
2331
2218
2283
2268
2364
2394
2340
2221
2333
2256
2203
2213
2167
2384
2315
2256
2275
2186
2239
2332
2278
2243
2200
2212
2321
2258
2240
2289
2308
2377
2315
2304
2292
2268
2118
2300
2283
2283
2400
2346
2264
2236
2362
2268
2272
2353
2300
2331
2282
2263
2272
2291
2258
2268
2189
2196
2240
2268
2162
2249
2319
2222
2195
2237
2314
2256
2283
2337
2244
2246
2302
2356
2339
2228
2353
2248
2292
2210
2236
2354
2280
2361
2248
2260
2298
2320
2346
2293
2262
2390
2352
2277
2266
2230
2314
2355
2276
2335
2258
2190
2234
2314
2282
2146
2252
2246
2265
2200
2333
2407
2322
2261
2228
2110
2233
2192
2346
2238
2174
2183
2234
2178
2294
2117
2216
2165
2236
2094
2217
2149
2194
2069
2110
2140
2195
2130
2137
2099
2065
2103
2070
2199
2100
2047
2116
2045
2117
2019
2080
2140
2144
1988
2064
2037
1982
2037
2033
1967
2006
1926
2016
1972
1989
1927
2007
2037
1940
2127
1964
2018
2029
2107
1964
1860
1982
1967
1987
1862
1974
1934
1894
1983
1989
1957
1819
1871
1798
1886
1952
1924
2044
1896
1904
1901
1887
1926
1978
2019
1896
1834
1934
1890
1854
1847
1925
1777
1867
1861
1836
1867
1874
1862
1884
1898
1812
1819
1909
1944
1842
1881
1879
1850
1818
1830
1906
1843
1896
1861
1898
1921
1891
1756
1851
1821
1909
1790
1841
1833
1835
1813
1778
1867
1844
1816
1858
1802
1771
1860
1974
1740
1774
1759
1849
1893
1757
1726
1845
1738
1771
1876
1873
1653
1819
1740
1842
1766
1848
1850
1860
1838
1769
1625
1819
1831
1832
1763
1726
1770
1794
1755
1762
1719
1772
1829
1768
1772
1829
1717
1778
1750
1719
1764
1794
1727
1776
1795
1717
1767
1753
1854
1776
1719
1769
1678
1757
1629
1725
1768
1794
1676
1710
1766
1680
1782
1752
1686
1630
1778
1776
1753
1684
1766
1807
1728
1655
1679
1769
1838
1779
1784
1688
1662
1730
1633
1719
1719
1764
1642
1788
1676
1761
1794
1699
1673
1702
1646
1709
1739
1714
1732
1800
1776
1717
1676
1692
1721
1708
1735
1704
1854
1724
1701
1627
1657
1763
1688
1645
1585
1726
1753
1696
1786
1747
1659
1786
1722
1643
1660
1758
1732
1729
1596
1699
1717
1806
1740
1785
1679
1752
1746
1768
1696
1714
1728
1828
1718
1749
1702
1744
1701
1714
1665
1670
1662
1760
1643
1746
1706
1731
1683
1884
1689
1745
1629
1637
1692
1654
1648
1794
1700
1661
1642
1764
1541
1715
1763
1771
1723
1731
1719
1696
1741
1702
1691
1742
1676
1738
1759
1662
1612
1772
1656
1725
1672
1679
1783
1652
1699
1732
1738
1755
1694
1747
1709
1683
1664
1745
1638
1706
1664
1695
1718
1719
1628
1772
1678
1720
1673
1746
1638
1733
1636
1677
1690
1583
1733
1728
1636
1612
1706
1758
1717
1681
1696
1719
1727
1687
1686
1702
1729
1677
1688
1769
1598
1794
1775
1774
1657
1710
1695
1584
1671
1768
1749
1734
1688
1762
1745
1814
1774
1771
1679
1756
1703
1746
1768
1630
1707
1738
1713
1668
1744
1682
1705
1808
1719
1863
1694
1730
1861
1767
1656
1752
1590
1689
1709
1775
1864
1776
1651
1717
1725
1797
1771
1725
1692
1656
1774
1760
1737
1738
1761
1754
1664
1798
1766
1754
1713
1781
1699
1728
1764
1743
1786
1758
1735
1711
1664
1890
1726
1763
1689
1833
1744
1739
1734
1766
1731
1790
1669
1783
1684
1737
1834
1802
1679
1738
1708
1788
1714
1746
1771
1817
1644
1806
1769
1800
1800
1741
1801
1827
1703
1692
1721
1680
1722
1878
1780
1799
1681
1882
1753
1620
1807
1756
1770
1782
1667
1778
1928
1730
1761
1810
1689
1730
1776
1696
1718
1834
1724
1812
1654
1620
1730
1813
1763
1713
1756
1823
1728
1814
1803
1771
1709
1895
1850
1785
1731
1794
1678
1844
1699
1857
1760
1816
1711
1672
1754
1755
1781
1793
1792
1798
1717
1892
1798
1959
1766
1791
1810
1681
1843
1836
1822
1785
1837
1805
1755
1734
1755
1736
1850
1739
1753
1729
1710
1789
1963
1773
1766
1737
1690
1760
1758
1780
2003
1856
1754
1706
1840
1858
1819
1789
1743
1735
1757
1800
1785
1722
1857
1793
1869
1763
1711
1815
1820
1751
1890
1838
1810
1845
1948
1867
1937
1852
1892
1923
1898
1898
1851
1858
1818
1836
1911
1830
1869
1839
1881
1794
1787
1862
1792
1851
1956
1833
1922
1954
1799
1944
1955
2002
1820
1963
1960
1920
1918
1895
1822
2006
1851
1862
1888
1919
1906
2144
2052
1953
1908
2001
1945
2010
1938
2075
2020
2060
1962
2088
2038
1972
2026
2016
1899
1954
1990
1958
1973
2044
1892
2001
1954
2031
2053
2036
2065
1994
1881
2000
2091
2173
1970
1994
1956
2165
2034
2109
2105
2031
2031
2168
2057
2084
2086
2056
1979
2088
1950
2046
2017
2069
1964
2016
2086
2138
2003
2156
2058
2086
2094
2087
2125
2172
2023
2180
2069
2038
2086
2059
2006
2121
2105
2062
2115
2036
2044
2113
2224
2128
2003
2103
2114
2124
2226
2110
2260
2073
2092
2086
2176
2139
2181
2131
2163
2069
2134
2154
2056
1907
2135
2178
2145
2152
2125
2221
2165
1910
2130
2167
2194
2256
2263
2217
2112
2166
2228
2152
2145
2147
2304
2153
2174
2214
2113
2159
2187
2148
2180
2158
2221
2148
2162
2165
2219
2227
2109
2208
2229
2210
2201
2200
2155
2237
2350
2250
2294
2250
2222
2252
2131
2257
2186
2219
2156
2194
2220
2126
2186
2240
2325
2190
2200
2320
2235
2232
2246
2287
2211
2286
2125
2324
2218
2267
2236
2144
2151
2247
2016
2194
2222
2300
2338
2261
2131
2227
2053
2187
2179
2235
2227
2231
2172
2267
2165
2266
2171
2324
2266
2264
2167
2332
2282
2258
2212
2240
2091
2258
2219
2204
2119
2156
2208
2277
2158
2231
2229
2298
2277
2279
2287
2304
2323
2260
2290
2221
2249
2348
2272
2253
2291
2279
2346
2281
2184
2256
2262
2177
2187
2257
2240
2292
2309
2245
2301
2304
2368
2290
2340
2232
2257
2346
2271
2320
2245
2290
2247
2146
2364
2368
2346
2256
2197
2328
2368
2064
2272
2389
2316
2329
2277
2289
2278
2378
2400
2244
2244
2283
2438
2286
2312
2294
2320
2246
2296
2346
2302
2304
2311
2244
2226
2186
2293
2346
2358
2152
2340
2321
2384
2428
2288
2375
2340
2313
2286
2340
2391
2296
2357
2374
2310
2332
2373
2262
2262
2269
2258
2278
2270
2256
2309
2313
2276
2336
2238
2335
2284
2298
2264
2386
2323
2315
2300
2251
2272
2264
2060
2310
2340
2328
2390
2369
2198
2349
2220
2336
2208
2234
2305
2323
2290
2306
2284
2278
2304
2404
2231
2240
2178
2393
2212
2209
2228
2246
2194
2221
2159
2146
2227
2094
2158
2264
2155
2238
2200
2042
2140
2246
2156
2098
2229
2171
2055
2158
2180
2200
2074
2131
2046
2103
2012
2068
2096
2034
2066
2134
2025
2078
2002
2112
2056
2076
2044
1969
2054
2094
2052
2066
2010
2023
2069
1972
1942
1928
1972
1992
1993
1957
2037
2049
1954
1949
1879
1901
2000
2024
2043
1987
1875
1969
2026
2044
1932
1980
1945
1887
1946
1890
1950
1897
1966
1898
1916
1892
1925
1949
1992
1918
1887
1930
1960
1878
1974
1885
1824
1862
1876
1886
1880
1906
1854
1841
1791
1888
1846
1899
1851
1903
1895
1906
1920
1843
1861
1919
1750
1864
1916
1805
1796
1862
1812
1879
1836
1869
1835
1901
1819
1840
1894
1877
1853
1843
1858
1848
1810
1892
1840
1830
1848
1831
1826
1831
1854
1859
1816
1798
1819
1882
1863
1880
1894
1783
1862
1823
1779
1862
1831
1814
1836
1718
1843
1846
1800
1792
1842
1791
1773
1685
1841
1832
1882
1813
1870
1783
1725
1848
1794
1767
1835
1836
1809
1776
1843
1808
1794
1798
1813
1824
1838
1765
1740
1796
1808
1787
1748
1754
1776
1706
1714
1797
1742
1794
1747
1823
1716
1744
1741
1855
1729
1830
1741
1776
1816
1779
1778
1768
1745
1773
1774
1706
1683
1724
1646
1737
1740
1705
1789
1802
1760
1800
1788
1756
1735
1783
1756
1818
1741
1759
1642
1768
1709
1787
1782
1757
1690
1738
1734
1777
1740
1802
1853
1822
1736
1742
1794
1728
1700
1772
1753
1778
1729
1724
1756
1744
1751
1691
1734
1772
1848
1714
1665
1612
1680
1712
1734
1739
1683
1729
1613
1832
1650
1692
1700
1696
1778
1642
1761
1723
1661
1793
1666
1719
1765
1832
1635
1680
1748
1690
1692
1699
1679
1787
1701
1671
1749
1759
1696
1728
1783
1714
1794
1681
1767
1766
1731
1718
1799
1620
1725
1784
1677
1723
1729
1738
1647
1717
1670
1699
1690
1733
1698
1696
1698
1735
1664
1652
1661
1724
1735
1710
1731
1656
1592
1732
1708
1677
1734
1706
1656
1728
1532
1715
1699
1676
1734
1652
1638
1775
1728
1666
1730
1709
1772
1720
1714
1702
1734
1757
1719
1714
1684
1720
1638
1704
1630
1690
1720
1710
1671
1752
1659
1688
1687
1697
1682
1767
1689
1681
1666
1732
1664
1556
1679
1736
1752
1765
1672
1747
1675
1712
1684
1722
1659
1718
1709
1660
1687
1755
1723
1699
1642
1744
1790
1733
1714
1703
1810
1733
1687
1711
1668
1539
1685
1707
1730
1752
1749
1741
1729
1663
1766
1747
1722
1708
1643
1784
1729
1751
1666
1771
1702
1790
1727
1712
1651
1691
1712
1789
1722
1784
1731
1706
1725
1744
1669
1812
1687
1668
1718
1694
1759
1712
1773
1756
1783
1808
1760
1796
1699
1788
1710
1709
1721
1763
1752
1779
1797
1675
1732
1776
1760
1751
1765
1747
1750
1788
1796
1772
1727
1783
1775
1731
1707
1750
1790
1783
1793
1822
1769
1773
1694
1805
1765
1819
1756
1734
1703
1778
1722
1756
1697
1810
1706
1682
1796
1778
1774
1759
1826
1819
1820
1833
1804
1758
1717
1769
1812
1764
1840
1797
1851
1787
1846
1691
1775
1733
1775
1810
1747
1814
1812
1826
1802
1838
1802
1739
1818
1867
1801
1835
1857
1850
1793
1853
1884
1893
1855
1818
1873
1824
1853
1867
1897
1859
1837
1850
1878
1846
1920
1907
1905
1874
1857
1920
1906
1958
1981
1874
1950
1839
1844
1867
1924
1930
1925
1933
1947
1907
1860
1893
1952
1994
1897
1911
1944
1970
1911
1932
1977
1942
2014
2071
1974
1933
1861
2053
1947
1994
2040
2038
2046
2038
1909
2016
1987
1998
2027
1986
2012
2008
2043
1992
2020
2112
2017
2093
2035
2054
2042
2059
2051
1939
2018
2128
2160
2037
2024
1990
2092
2119
2057
2065
2067
2008
1966
2022
2088
2100
2106
2112
2103
2058
2045
2078
2095
2034
2058
2181
2128
2038
2043
2160
2246
2082
2114
2167
2070
2122
2064
2112
2131
2095
2109
2208
2116
2103
2106
2080
2133
2150
2165
2184
2051
1952
2274
2129
2101
2214
2139
2221
2036
2002
2145
2145
2183
2106
2104
2123
2059
2126
2149
2237
2129
2211
2227
2229
2188
2194
2260
2176
2104
2208
2278
2230
2257
2218
2087
2252
2195
2222
2115
2174
2156
2187
2196
2145
2196
2254
2121
2188
2153
2197
2121
2132
2208
2280
2259
2222
2182
2176
2187
2193
2186
2183
2299
2212
2123
2174
2235
2142
2150
2216
2241
2190
2177
2219
2200
2203
2266
2230
2221
2226
2169
2232
2204
2246
2256
2178
2238
2242
2264
2236
2276
2268
2282
2148
2270
2295
2336
2118
2267
2236
2259
2196
2241
2248
2276
2224
2226
2236
2266
2293
2285
2246
2141
2107
2298
2202
2266
2213
2227
2242
2301
2257
2257
2246
2279
2251
2267
2182
2248
2265
2238
2315
2178
2333
2346
2297
2259
2246
2276
2185
2311
2224
2296
2233
2297
2285
2292
2168
2260
2260
2384
2331
2222
2280
2227
2274
2226
2283
2302
2392
2318
2369
2292
2514
2268
2392
2314
2212
2225
2272
2309
2355
2306
2350
2274
2310
2369
2215
2180
2272
2325
2272
2267
2308
2164
2284
2354
2284
2267
2343
2264
2380
2171
2291
2273
2290
2316
2252
2340
2282
2358
2223
2296
2213
2323
2301
2382
2310
2235
2351
2209
2310
2368
2341
2329
2345
2299
2261
2252
2284
2366
2272
2260
2296
2382
2380
2356
2388
2358
2300
2288
2358
2266
2248
2295
2304
2396
2320
2362
2260
2301
2270
2392
2324
2348
2347
2372
2299
2374
2325
2350
2308
2288
2356
2366
2279
2363
2360
2345
2311
2366
2250
2310
2208
2381
2305
2322
2370
2393
2314
2263
2160
2411
2334
2329
2292
2298
2373
2312
2319
2290
2404
2294
2402
2430
2343
2306
2364
2419
2213
2354
2423
2418
2384
2392
2268
2372
2352
2337
2320
2357
2303
2342
2328
2285
2227
2196
2347
2281
2267
2262
2335
2259
2340
2267
2367
2340
2372
2255
2348
2328
2344
2372
2432
2388
2341
2286
2226
2284
2221
2335
2445
2312
2297
2244
2280
2190
2339
2284
2244
2186
2279
2182
2295
2347
2260
2236
2181
2160
2240
2082
2195
2120
2260
2207
2192
2148
2090
2264
2231
2112
2159
2248
2142
2176
2205
2145
2093
2200
2156
2122
2167
2114
2171
2234
2109
2062
2044
2171
2100
2132
2045
2064
2053
2028
2058
2006
2044
2101
2055
2046
2067
1989
2045
2030
2085
2025
2086
2110
2068
2074
2002
1980
1989
2097
1973
2011
2010
2066
1951
1975
1968
2058
2030
2060
1957
1944
2004
2002
1912
1929
2004
1982
1922
1989
1904
1918
1980
2028
1819
1992
1924
1993
1902
1923
2019
1909
1882
1846
1913
1836
1962
1953
1881
1964
1971
1884
1886
1926
2021
1889
1926
1901
1920
1869
2034
1851
1935
1868
1868
1846
1817
1904
1812
1806
1855
1819
1827
1853
1892
1893
1886
1792
1916
1845
1904
1879
1896
1835
1875
1930
1934
1888
1877
1813
1804
1865
1812
1910
1872
1823
1864
1893
1818
1755
1836
1794
1851
1712
1791
1793
1865
1707
1795
1872
1820
1795
1740
1794
1727
1744
1834
1765
1866
1771
1738
1873
1795
1768
1768
1803
1835
1747
1860
1748
1712
1742
1790
1728
1868
1795
1823
1813
1672
1714
1829
1772
1715
1785
1832
1671
1715
1712
1794
1763
1724
1783
1790
1773
1685
1794
1788
1728
1783
1792
1741
1743
1860
1764
1717
1818
1769
1723
1747
1707
1718
1835
1686
1732
1750
1752
1730
1739
1776
1732
1844
1732
1810
1728
1822
1641
1796
1765
1694
1701
1789
1738
1649
1755
1724
1736
1684
1774
1785
1648
1740
1673
1722
1647
1789
1864
1735
1672
1747
1637
1680
1730
1722
1940
1735
1679
1753
1632
1820
1750
1691
1820
1668
1662
1701
1769
1650
1706
1712
1677
1653
1693
1796
1704
1758
1736
1731
1772
1831
1850
1785
1748
1751
1755
1780
1711
1731
1678
1692
1687
1744
1762
1808
1717
1647
1737
1635
1718
1711
1658
1766
1623
1673
1671
1774
1742
1683
1840
1719
1653
1636
1717
1713
1696
1672
1800
1717
1750
1746
1768
1695
1688
1804
1689
1717
1715
1742
1780
1605
1687
1711
1671
1676
1668
1762
1758
1698
1645
1714
1615
1668
1736
1744
1501
1734
1710
1704
1652
1672
1712
1637
1654
1613
1727
1689
1724
1786
1766
1729
1764
1846
1592
1771
1737
1778
1715
1690
1615
1659
1791
1748
1705
1735
1715
1694
1669
1725
1756
1663
1749
1697
1741
1769
1778
1706
1793
1726
1634
1782
1707
1790
1695
1723
1713
1762
1747
1684
1851
1768
1656
1774
1665
1742
1661
1724
1648
1792
1802
1801
1775
1783
1828
1790
1843
1745
1764
1759
1841
1764
1834
1666
1827
1848
1807
1735
1782
1849
1818
1802
1848
1786
1752
1658
1853
1818
1816
1850
1970
1800
1740
1723
1898
1856
1899
1852
1926
1886
1818
1897
1877
1897
1853
1806
1784
1888
1853
1840
1815
1823
1895
1852
1928
1822
1863
1889
1960
1893
1794
1923
1988
1917
2015
1958
1968
1988
1846
2011
1893
1958
2033
1980
1942
1924
1875
1994
1959
1882
2041
1992
2031
1899
1856
1995
1908
2008
1991
1993
2038
1997
2099
1971
1984
1975
1992
1973
1948
2029
1996
2056
1889
2041
1923
2061
1924
1974
1976
2059
2031
2150
1961
2047
1964
2239
2070
2026
1980
2072
2066
2069
2002
2078
1956
1952
2092
2079
1866
2045
2055
2046
2004
2007
2118
2103
2023
1982
2161
2104
2195
2034
2073
2095
2064
2280
2116
2072
2096
2122
2027
2112
2173
2054
2199
2074
2086
2075
2130
2102
2083
2106
2035
2160
2082
2161
2157
2148
2070
2094
2208
2084
2138
2217
2123
2136
2082
2212
2166
2026
2225
2143
2212
1864
2115
2092
2133
2131
2104
2117
2218
2145
2241
2233
2230
2180
2340
2119
2103
2138
2194
2128
2080
2240
2142
2210
2247
2178
2204
2093
2208
2156
2261
2146
2190
2246
2046
2182
2136
2282
2188
2254
2073
2133
2266
2190
2204
2136
2170
2297
2275
2185
2278
2241
2158
2194
2306
2184
2232
2210
2240
2199
2142
2264
2241
2358
2148
2230
2204
2112
2192
2176
2194
2232
2304
2320
2260
2260
2262
2298
2070
2244
2045
2230
2242
2226
2305
2211
2362
2161
2226
2272
2224
2240
2186
2224
2236
2268
2323
2246
2190
2246
2313
2246
2211
2167
2156
2193
2226
2284
2247
2229
2324
2195
2088
2185
2192
2263
2428
2321
2308
2244
2270
2181
2285
2234
2174
2332
2194
2279
2259
2248
2278
2130
2304
2269
2286
2251
2240
2195
2260
2232
2241
2319
2284
2180
2287
2293
2256
2304
2216
2329
2274
2298
2249
2366
2410
2233
2231
2320
2306
2299
2234
2267
2346
2246
2304
2298
2275
2330
2342
2280
2352
2250
2254
2352
2368
2282
2398
2378
2262
2314
2306
2254
2294
2282
2195
2354
2288
2304
2326
2156
2374
2230
2212
2186
2279
2283
2288
2249
2262
2356
2302
2348
2258
2286
2286
2231
2459
2304
2308
2263
2323
2245
2276
2351
2291
2373
2365
2318
2339
2299
2404
2355
2224
2386
2406
2405
2296
2356
2348
2278
2287
2396
2291
2260
2453
2391
2320
2286
2315
2302
2259
2304
2332
2420
2434
2227
2448
2321
2173
2346
2241
2299
2278
2367
2298
2323
2361
2497
2282
2382
2308
2124
2379
2243
2341
2313
2272
2372
2315
2339
2160
2298
2381
2436
2285
2348
2452
2349
2434
2338
2240
2311
2245
2322
2327
2347
2324
2408
2195
2342
2410
2250
2349
2309
2206
2357
2242
2382
2308
2411
2355
2277
2354
2368
2396
2261
2388
2382
2380
2320
2367
2314
2330
2243
2350
2290
2340
2357
2392
2290
2305
2114
2309
2305
2325
2292
2376
2340
2373
2306
2320
2343
2419
2294
2377
2367
2379
2256
2379
2389
2336
2340
2324
2423
2255
2369
2347
2365
2277
2284
2433
2358
2277
2329
2348
2469
2347
2336
2317
2262
2377
2304
2383
2120
2314
2364
2234
2300
2426
2339
2337
2314
2372
2411
2329
2162
2426
2309
2270
2413
2344
2376
2345
2382
2299
2483
2373
2432
2346
2503
2369
2395
2333
2282
2366
2389
2329
2254
2362
2263
2369
2324
2420
2347
2259
2328
2258
2312
2316
2278
2357
2330
2325
2327
2335
2415
2437
2242
2390
2223
2392
2151
2243
2385
2281
2396
2326
2391
2237
2195
2212
2355
2246
2359
2300
2313
2336
2310
2375
2368
2227
2299
2249
2273
2275
2280
2144
2321
2272
2156
2276
2272
2276
2376
2159
2315
2269
2408
2347
2252
2388
2370
2330
2344
2363
2324
2267
2307
2291
2266
2226
2338
2285
2304
2200
2299
2304
2269
2250
2088
2248
2344
2178
2132
2324
2318
2280
2257
2228
2330
2257
2304
2258
2295
2274
2260
2451
2246
2294
2311
2441
2288
2250
2210
2342
2231
2267
2257
2218
2256
2233
2301
2253
2418
2270
2353
2320
2178
2296
2259
2248
2309
2292
2214
2184
2132
2275
2300
2383
2258
2140
2249
2311
2122
2403
2203
2268
2266
2351
2191
2309
2338
2284
2269
2253
2200
2309
2320
2265
2214
2171
2123
2246
2195
2295
2130
2249
2181
2224
2212
2391
2206
2240
2235
2224
2284
2295
2259
2310
2288
2326
2278
2287
2263
2220
2272
2244
2214
2277
2200
2211
2304
2298
2194
2316
2267
2193
2229
2268
2324
2233
2166
2167
2266
2183
2380
2223
2244
2174
2240
2330
2212
2252
2187
2075
2149
2184
2198
2314
2229
2164
2274
2107
2190
2254
2419
2218
2170
2272
2381
2293
2223
2211
2199
2157
2304
2229
2284
2144
2246
2233
2231
2129
2269
2186
2217
2210
2188
2296
2263
2141
2094
2252
2274
2237
2256
2245
2228
2211
2267
2244
2280
2324
2275
2260
2208
2206
2214
2374
2210
2235
2225
2238
2270
2251
2266
2239
2218
2248
2216
2258
2286
2229
2224
2217
2252
2210
2193
2222
2229
2204
2211
2216
2199
2232
2222
2223
2228
2248
2214
2211
2208
2250
2215
2231
2233
2248
2204
2204
2203
2224
2209
2228
2207
2211
2223
2222
2218
2213
2099
2220
2215
2221
2250
2224
2205
2205
2138
2230
2209
2215
2218
2206
2199
2200
2232
2217
2194
2209
2198
2231
2222
2222
2228
2195
2234
2223
2200
2217
2203
2197
2214
2183
2184
2200
2190
2232
2190
2216
2220
2204
2182
2212
2210
2215
2216
2209
2219
2192
2203
2216
2196
2200
2215
2197
2217
2194
2218
2193
2205
2197
2224
2208
2195
2199
2196
2199
2192
2217
2203
2194
2201
2211
2200
2172
2202
2202
2199
2120
2185
2199
2189
2230
2193
2177
2179
2181
2193
2197
2190
2201
2194
2186
2187
2203
2192
2192
2206
2194
2195
2201
2200
2199
2177
2210
2189
2201
2219
2194
2192
2184
2156
2207
2192
2180
2198
2187
2193
2188
2208
2186
2182
2186
2200
2199
2196
2199
2192
2202
2206
2194
2193
