Starting data capturing
Starting data capturing
Channel 0 Data:
0
0
0
0
0
0
0
0
0
0
0
0
0
0
0
0
0
0
0
0
0
0
0
0
0
0
0
0
0
0
0
0
0
0
0
0
0
0
0
0
0
0
0
0
0
0
0
0
0
0
0
0
0
0
0
0
0
0
0
0
0
0
0
0
0
0
0
0
0
0
0
0
0
0
0
0
0
0
0
0
0
0
0
0
0
0
0
0
0
0
0
0
0
0
0
0
0
0
0
0
0
0
0
0
0
0
0
0
0
0
0
0
0
0
0
0
0
0
0
0
0
0
0
0
0
0
0
0
0
0
0
0
0
0
0
0
0
0
0
0
0
0
0
0
0
0
0
0
0
0
0
0
0
0
0
0
0
0
0
0
0
0
0
0
0
0
0
0
0
0
0
0
0
0
0
0
0
0
0
0
0
0
0
0
0
0
0
0
0
0
0
0
0
0
0
0
0
0
0
0
0
0
0
0
0
0
0
0
0
0
0
0
0
0
0
0
0
0
0
0
0
0
0
0
0
0
0
0
0
0
0
0
0
0
0
0
0
0
0
0
0
0
0
0
0
0
0
0
0
0
0
0
0
0
0
0
0
0
0
0
0
0
0
0
0
0
0
0
0
0
0
0
0
0
0
0
0
0
0
0
0
0
0
0
0
0
0
0
0
0
0
0
0
0
0
0
0
0
0
0
0
0
0
0
0
0
0
0
0
0
0
0
0
0
0
0
0
0
0
0
0
0
0
0
0
0
0
0
0
0
0
0
0
0
0
0
0
0
0
0
0
0
0
0
0
0
0
0
0
0
0
0
0
0
0
0
0
0
0
0
0
0
0
0
0
0
0
0
0
0
0
0
0
0
0
0
0
0
0
0
0
0
0
0
0
0
0
0
0
0
0
0
0
0
0
0
0
0
0
0
0
0
0
0
0
0
0
0
0
0
0
0
0
0
0
0
0
0
0
0
0
0
0
0
0
0
0
0
0
0
0
0
0
0
0
0
0
0
0
0
0
0
0
0
0
0
0
0
0
0
0
0
0
0
0
0
0
0
0
0
0
0
0
0
0
0
0
0
0
0
0
0
0
0
0
0
0
0
0
0
0
0
0
0
0
0
0
0
0
0
0
0
0
0
0
0
0
0
0
0
0
0
0
0
0
0
0
0
0
0
0
0
0
0
0
0
0
0
0
0
0
0
0
0
0
0
0
0
21
142
222
292
345
390
391
394
395
423
449
479
502
591
629
620
657
652
679
678
691
718
736
778
791
828
826
839
854
891
923
948
978
966
999
1035
1053
1073
1189
1223
1264
1312
1341
1368
1380
1386
1409
1420
1431
1457
1459
1467
1460
1481
1496
1500
1540
1531
1557
1579
1608
1589
1586
1607
1625
1640
1611
1651
1669
1682
1675
1683
1682
1713
1708
1723
1718
1721
1728
1729
1750
1772
1746
1742
1769
1760
1762
1763
1771
1802
1776
1764
1790
1803
1779
1783
1770
1772
1780
1745
1730
1756
1729
1729
1715
1710
1725
1730
1683
1688
1698
1724
1688
1690
1692
1684
1667
1679
1722
1714
1722
1693
1706
1703
1723
1714
1704
1712
1750
1738
1777
1781
1817
1811
1816
1820
1853
1846
1839
1871
1857
1856
1896
1878
1906
1871
1885
1901
1920
1904
1887
1906
1904
1919
1924
1918
1898
1886
1931
1894
1926
1928
1940
1927
1928
1949
1915
1912
1899
1899
1874
1895
1882
1880
1863
1882
1863
1831
1825
1813
1814
1836
1834
1802
1828
1838
1795
1815
1829
1799
1812
1771
1786
1808
1817
1796
1808
1800
1822
1781
1802
1814
1796
1794
1792
1805
1827
1797
1836
1825
1799
1825
1820
1824
1834
1818
1822
1851
1832
1830
1822
1826
1797
1807
1815
1811
1811
1818
1809
1838
1806
1789
1806
1808
1774
1795
1805
1782
1790
1799
1767
1787
1806
1799
1791
1767
1808
1775
1790
1795
1808
1771
1786
1766
1785
1766
1798
1779
1800
1776
1809
1746
1767
1768
1787
1764
1776
1796
1790
1772
1748
1760
1762
1764
1737
1778
1755
1769
1748
1776
1769
1780
1769
1783
1778
1779
1757
1767
1753
1799
1752
1752
1776
1757
1778
1773
1767
1796
1760
1763
1772
1765
1763
1770
1788
1750
1759
1742
1754
1768
1772
1766
1744
1745
1758
1776
1757
1731
1731
1730
1720
1745
1753
1722
1699
1733
1720
1748
1700
1720
1709
1706
1715
1733
1728
1740
1706
1686
1693
1695
1691
1685
1680
1678
1674
1661
1705
1694
1690
1654
1702
1685
1692
1664
1676
1684
1682
1677
1664
1671
1657
1690
1688
1661
1648
1646
1648
1641
1646
1660
1658
1652
1632
1658
1630
1669
1658
1648
1635
1671
1650
1647
1634
1661
1634
1635
1656
1630
1653
1660
1645
1627
1650
1653
1637
1632
1652
1625
1626
1632
1629
1626
1628
1601
1640
1650
1630
1604
1626
1618
1624
1634
1640
1623
1619
1626
1641
1616
1639
1637
1635
1642
1620
1601
1613
1626
1633
1629
1589
1612
1617
1636
1626
1602
1632
1614
1630
1610
1599
1625
1606
1607
1635
1613
1618
1615
1606
1608
1605
1613
1626
1616
1621
1586
1604
1595
1593
1600
1602
1616
1599
1584
1594
1598
1626
1592
1625
1590
1595
1584
1603
1605
1621
1635
1587
1597
1593
1613
1571
1621
1581
1593
1579
1585
1592
1611
1622
1593
1587
1625
1608
1620
1629
1602
1621
1610
1618
1603
1627
1606
1632
1615
1610
1586
1585
1598
1577
1591
1580
1617
1616
1601
1604
1636
1623
1632
1625
1616
1620
1647
1666
1637
1631
1662
1622
1639
1636
1620
1641
1652
1672
1691
1673
1672
1669
1677
1674
1695
1692
1719
1718
1717
1722
1749
1744
1754
1752
1779
1834
1842
1930
1982
2021
2093
2119
2188
2202
2197
2262
2292
2330
2305
2362
2360
2384
2405
2467
2481
2497
2506
2529
2549
2581
2601
2643
2625
2632
2656
2653
2700
2706
2743
2732
2751
2765
2761
2764
2794
2804
2845
2823
2856
2888
2885
2885
2891
2880
2914
2888
2876
2893
2893
2920
2895
2922
2917
2929
2912
2926
2928
2955
2921
2953
2966
2950
2927
2943
2951
2951
2976
2952
2946
2941
2956
2944
2934
2958
2936
2921
2971
2949
2980
2928
2938
2932
2961
2937
2928
2939
2936
2898
2900
2904
2913
2908
2943
2930
2905
2914
2907
2875
2871
2878
2865
2866
2847
2858
2829
2857
2814
2844
2781
2791
2824
2774
2752
2756
2711
2691
2710
2708
2702
2673
2658
2644
2649
2604
2608
2587
2554
2589
2570
2533
2552
2522
2517
2492
2512
2501
2493
2497
2488
2464
2485
2468
2498
2489
2476
2451
2457
2452
2442
2413
2469
2443
2459
2455
2449
2447
2469
2463
2433
2462
2448
2432
2408
2458
2413
2412
2432
2425
2430
2449
2431
2406
2417
2433
2388
2408
2443
2411
2426
2448
2430
2452
2448
2446
2468
2461
2453
2449
2469
2453
2452
2430
2462
2451
2463
2448
2429
2461
2431
2424
2392
2409
2375
2379
2378
2336
2342
2329
2313
2349
2307
2319
2284
2281
2280
2263
2228
2275
2249
2209
2192
2199
2192
2179
2183
2177
2171
2179
2142
2158
2129
2115
2098
2100
2107
2086
2085
2065
2072
2060
2037
2040
2014
2004
2034
2012
2004
2021
1983
1988
1984
1965
1947
1959
1934
1914
1910
1910
1889
1906
1864
1865
1850
1857
1851
1826
1814
1798
1806
1805
1751
1768
1752
1758
1744
1742
1716
1695
1695
1665
1651
1657
1620
1600
1582
1595
1562
1538
1551
1523
1518
1503
1496
1479
1468
1449
1463
1465
1452
1456
1435
1407
1424
1394
1360
1367
1360
1361
1335
1329
1318
1316
1297
1265
1273
1233
1233
1225
1232
1242
1223
1232
1238
1233
1167
1192
1204
1168
1155
1156
1153
1126
1129
1111
1130
1124
1108
1095
1103
1063
1037
1022
1059
1028
1045
1002
1027
988
1007
981
1001
981
960
977
978
963
942
951
935
914
912
896
901
914
889
916
882
886
884
883
839
840
837
833
819
834
797
804
807
812
805
771
767
752
758
752
748
731
774
750
770
757
789
815
826
849
886
918
900
934
962
1032
1066
1129
1193
1195
1284
1327
1351
1408
1471
1493
1536
1561
1625
1652
1657
1710
1702
1730
1749
1764
1780
1785
1790
1814
1850
1854
1848
1826
1863
1844
1854
1881
1865
1869
1885
1879
1886
1896
1917
1923
1921
1939
1965
1962
1981
1998
1996
1985
1989
2002
2020
2004
2052
2036
2065
2051
2057
2037
2050
2044
2042
2038
2038
2057
2036
2057
2064
2073
2026
2066
2062
2047
2014
2044
2006
1988
1968
2004
2007
2004
2003
2015
1981
1981
1994
2026
2006
1988
2009
1998
2034
2000
2035
1993
2018
2002
2006
1988
1994
1987
1969
1949
1989
1975
1956
1979
2000
1946
1952
1960
1943
1953
1960
1952
1952
1945
1991
1987
1945
1958
1952
1949
1923
1943
1959
1961
1942
1947
1962
1924
1924
1935
1909
1931
1941
1904
1927
1901
1900
1887
1892
1898
1907
1914
1900
1911
1915
1916
1923
1909
1940
1906
1936
1905
1920
1916
1890
1910
1917
1908
1901
1896
1903
1881
1884
1866
1874
1872
1847
1868
1867
1864
1876
1871
1894
1866
1870
1900
1875
1872
1902
1871
1865
1855
1882
1881
1882
1875
1882
1863
1859
1861
1858
1860
1877
1866
1883
1888
1933
1918
1959
1922
1958
1951
1987
1944
1996
1972
1975
1973
1995
2000
1997
2017
2000
1998
1980
2003
1990
2002
2017
1997
1983
1984
1997
2007
1991
1995
2007
2029
2000
2003
2005
2036
2003
2028
2025
2051
2043
2066
2033
2061
2062
2042
2031
2022
2021
1996
2007
2004
2004
1994
1980
1984
1982
1971
1975
1976
1965
1935
1960
1956
1947
1958
1947
1922
1964
1912
1929
1921
1922
1918
1900
1910
1911
1899
1884
1914
1891
1903
1879
1907
1904
1889
1905
1896
1902
1886
1897
1902
1875
1883
1853
1866
1886
1864
1854
1861
1858
1858
1860
1852
1854
1843
1814
1826
1809
1844
1854
1788
1805
1823
1809
1801
1797
1808
1801
1805
1797
1795
1777
1780
1794
1780
1808
1792
1744
1774
1745
1764
1741
1758
1770
1786
1771
1818
1807
1810
1814
1828
1820
1848
1849
1830
1847
1838
1820
1814
1834
1831
1819
1809
1825
1836
1821
1789
1833
1823
1801
1805
1825
1828
1811
1763
1822
1829
1814
1816
1814
1821
1850
1837
1860
1861
1867
1869
1858
1844
1860
1878
1845
1867
1843
1847
1808
1840
1839
1852
1820
1830
1837
1814
1852
1854
1827
1816
1822
1810
1833
1815
1831
1819
1815
1819
1800
1800
1801
1812
1810
1797
1795
1823
1823
1817
1811
1792
1822
1810
1787
1803
1776
1786
1794
1790
1786
1805
1791
1783
1777
1805
1787
1795
1780
1774
1750
1776
1768
1776
1769
1744
1760
1769
1793
1773
1786
1762
1767
1760
1770
1785
1782
1766
1775
1747
1773
1768
1758
1760
1757
1721
1769
1755
1760
1743
1774
1744
1749
1747
1736
1759
1738
1762
1772
1740
1736
1740
1730
1739
1721
1724
1724
1730
1727
1730
1706
1741
1731
1741
1733
1754
1709
1726
1705
1712
1715
1732
1732
1720
1736
1709
1735
1713
1713
1709
1739
1700
1731
1710
1706
1714
1695
1726
1713
1710
1708
1700
1723
1694
1708
1707
1703
1733
1738
1730
1706
1727
1718
1700
1699
1693
1727
1703
1729
1712
1692
1702
1737
1722
1720
1733
1719
1715
1716
1683
1711
1719
1742
1721
1737
1753
1777
1767
1858
1892
1891
1886
1900
1893
1924
1919
1926
1967
1985
1931
1982
1998
1982
2019
2014
2020
2023
2001
2064
2094
2083
2113
2126
2123
2103
2096
2128
2145
2159
2152
2164
2206
2199
2234
2214
2252
2243
2239
2269
2300
2288
2331
2335
2331
2330
2349
2358
2367
2396
2425
2396
2408
2420
2455
2463
2476
2509
2523
2560
2524
2549
2574
2576
2544
2598
2578
2613
2580
2582
2591
2626
2584
2603
2622
2624
2640
2624
2656
2621
2632
2631
2652
2642
2704
2753
2798
2841
2875
2861
2914
2904
2925
2902
2939
2949
2969
2968
3018
3044
3055
3063
3090
3082
3112
3095
3106
3139
3120
3129
3156
3162
3157
3194
3159
3209
3201
3200
3180
3240
3236
3208
3236
3218
3225
3243
3236
3262
3266
3262
3232
3248
3251
3272
3276
3247
3260
3260
3240
3244
3246
3230
3235
3202
3243
3241
3224
3221
3190
3211
3204
3166
3180
3187
3155
3151
3148
3133
3144
3137
3094
3095
3102
3088
3096
3094
3091
3071
3056
3048
3051
3044
3026
3067
3031
3033
3041
3037
3045
3021
3010
3015
2967
2961
2954
2924
2934
2900
2893
2869
2862
2852
2832
2804
2803
2827
2775
2780
2770
2781
2743
2780
2747
2728
2722
2726
2732
2702
2715
2720
2711
2718
2704
2675
2704
2698
2701
2711
2723
2742
2748
2718
2672
2702
2653
2653
2644
2666
2670
2656
2651
2646
2661
2621
2629
2623
2605
2599
2592
2573
2599
2586
2591
2578
2588
2574
2595
2568
2576
2582
2568
2537
2550
2519
2508
2522
2493
2515
2539
2522
2508
2501
2480
2463
2490
2456
2467
2490
2475
2467
2473
2472
2426
2420
2436
2446
2420
2441
2412
2402
2376
2366
2374
2375
2358
2379
2341
2340
2356
2337
2330
2350
2334
2348
2332
2349
2351
2350
2340
2356
2371
2331
2378
2345
2334
2324
2334
2297
2293
2288
2277
2269
2283
2262
2286
2269
2246
2235
2215
2233
2228
2216
2212
2226
2218
2216
2207
2206
2219
2232
2198
2207
2239
2232
2242
2199
2234
2187
2209
2197
2182
2194
2194
2165
2166
2153
2177
2166
2168
2169
2176
2153
2204
2236
2235
2258
2325
2315
2318
2323
2326
2385
2348
2362
2388
2394
2418
2442
2416
2437
2428
2419
2379
2408
2408
2420
2398
2389
2406
2404
2400
2398
2394
2388
2376
2376
2373
2369
2343
2338
2350
2343
2324
2308
2339
2315
2285
2302
2298
2276
2260
2217
2240
2211
2206
2199
2188
2184
2167
2154
2171
2168
2160
2151
2115
2135
2120
2134
2069
2096
2075
2057
2031
2042
2011
2013
1983
2006
1970
1982
1941
1947
1927
1928
1918
1905
1906
1887
1877
1871
1839
1844
1819
1838
1817
1799
1783
1762
1751
1749
1723
1691
1715
1713
1676
1667
1690
1659
1669
1618
1634
1609
1602
1583
1579
1570
1555
1559
1582
1564
1572
1530
1527
1502
1504
1469
1467
1467
1415
1398
1395
1384
1361
1360
1329
1338
1319
1318
1316
1342
1346
1392
1390
1448
1445
1479
1508
1532
1568
1631
1654
1702
1783
1787
1823
1832
1887
1895
1945
1923
1950
1983
1980
1967
2000
2030
2022
2067
2064
2075
2075
2099
2098
2143
2142
2173
2176
2191
2217
2220
2205
2246
2244
2265
2265
2277
2278
2321
2312
2330
2310
2316
2324
2333
2311
2319
2336
2288
2308
2320
2286
2290
2314
2302
2275
2274
2312
2310
2292
2274
2304
2302
2280
2271
2267
2314
2287
2290
2312
2316
2289
2285
2295
2270
2263
2288
2258
2239
2246
2218
2230
2193
2201
2232
2206
2204
2210
2182
2199
2174
2170
2164
2178
2189
2160
2187
2165
2153
2177
2148
2148
2136
2125
2127
2135
2097
2096
2114
2098
2093
2103
2103
2126
2114
2117
2105
2108
2147
2117
2121
2096
2091
2106
2125
2113
2093
2100
2091
2052
2084
2054
2066
2073
2052
2061
2071
2050
2041
2055
2081
2082
2046
2032
2040
2061
2082
2078
2042
2038
2059
2028
2042
2048
2007
2005
1994
1994
2022
1994
1992
2012
1986
2015
1964
1991
1987
1993
1980
1964
1975
1973
1988
1975
1967
1983
1953
1977
1983
1997
1959
1944
1959
1983
1992
1966
1952
1950
1986
1931
1976
1956
1976
1955
1979
1968
1941
1946
1934
1972
1963
1963
1931
1950
1954
1915
1929
1905
1917
1924
1899
1908
1913
1907
1887
1933
1901
1937
1912
1933
1935
1908
1886
1920
1906
1904
1933
1903
1924
1928
1902
1931
1935
1940
1953
1899
1923
1921
1948
1908
1940
1918
1931
1897
1917
1911
1958
1932
1937
1939
1938
1913
1904
1937
1942
1910
1909
1913
1915
1929
1919
1934
1899
1918
1911
1916
1910
1901
1900
1905
1930
1900
1924
1911
1905
1922
1927
1919
1926
1909
1888
1891
1904
1936
1920
1889
1894
1908
1920
1873
1922
1912
1893
1863
1891
1914
1879
1899
1891
1898
1896
1891
1893
1903
1912
1898
1875
1898
1903
1868
1894
1882
1877
1889
1869
1846
1862
1849
1834
1875
1849
1850
1835
1849
1831
1849
1834
1848
1846
1853
1826
1867
1844
1827
1842
1846
1820
1830
1834
1830
1839
1819
1843
1803
1819
1812
1806
1797
1832
1830
1823
1826
1820
1804
1812
1804
1798
1821
1813
1815
1810
1803
1805
1786
1783
1808
1800
1780
1801
1791
1791
1787
1756
1772
1797
1783
1784
1792
1776
1765
1789
1773
1766
1754
1756
1757
1743
1773
1758
1753
1737
1733
1768
1751
1744
1728
1759
1712
1757
1756
1752
1741
1725
1733
1722
1725
1733
1734
1733
1733
1719
1730
1730
1726
1699
1701
1698
1712
1682
1689
1698
1699
1694
1703
1675
1678
1670
1667
1685
1668
1654
1694
1671
1660
1687
1678
1670
1687
1682
1672
1684
1683
1682
1654
1675
1650
1666
1640
1676
1655
1653
1644
1645
1661
1644
1625
1655
1631
1635
1667
1641
1666
1639
1651
1643
1632
1650
1625
1616
1630
1649
1651
1628
1662
1621
1644
1634
1638
1650
1632
1642
1630
1658
1639
1655
1624
1648
1642
1638
1615
1633
1619
1617
1632
1623
1615
1617
1598
1622
1643
1619
1598
1614
1613
1656
1618
1640
1612
1614
1616
1631
1629
1614
1627
1637
1619
1606
1609
1609
1625
1624
1611
1611
1612
1617
1636
1625
1626
1625
1608
1591
1597
1619
1623
1622
1614
1604
1603
1618
1631
1620
1620
1611
1601
1627
1619
1611
1590
1627
1618
1601
1609
1630
1626
1625
1592
1596
1625
1600
1585
1616
1614
1593
1590
1615
1614
1637
1623
1642
1642
1620
1641
1612
1651
1631
1650
1641
1664
1681
1684
1672
1694
1703
1733
1744
1810
1841
1892
1911
1922
1954
1969
2008
2040
2088
2112
2139
2150
2181
2220
2231
2220
2242
2242
2255
2254
2276
2303
2300
2298
2329
2324
2325
2318
2323
2328
2338
2328
2341
2344
2364
2381
2369
2396
2408
2405
2401
2430
2406
2435
2426
2456
2474
2480
2484
2480
2466
2486
2514
2511
2526
2521
2532
2532
2540
2503
2508
2504
2518
2530
2530
2490
2504
2493
2524
2474
2499
2521
2486
2462
2485
2503
2486
2482
2485
2480
2509
2507
2526
2500
2512
2512
2538
2526
2509
2498
2526
2521
2527
2519
2501
2528
2494
2503
2491
2499
2515
2486
2495
2499
2509
2515
2530
2499
2486
2493
2510
2495
2520
2508
2504
2536
2621
2670
2713
2715
2759
2754
2798
2789
2806
2835
2838
2853
2862
2912
2917
2931
2946
2951
2995
2964
2969
2950
2966
2968
2986
3007
3007
3024
3024
3031
3043
3056
3040
3001
3019
3032
3031
3044
3047
3034
3017
3048
3040
3042
3043
3026
3029
3019
3017
3009
3003
3024
3002
2994
3014
3019
2977
2980
2974
2966
2994
2960
2961
2933
2948
2946
2931
2917
2927
2901
2889
2875
2862
2870
2837
2840
2839
2835
2818
2816
2789
2796
2757
2774
2754
2747
2736
2754
2720
2711
2685
2694
2695
2679
2678
2661
2646
2607
2593
2593
2562
2536
2531
2505
2540
2517
2479
2459
2469
2442
2434
2395
2395
2404
2372
2343
2344
2328
2326
2304
2326
2298
2270
2272
2258
2246
2218
2211
2214
2211
2183
2184
2169
2143
2165
2134
2130
2119
2141
2116
2130
2111
2102
2106
2049
2067
2079
2087
2044
2030
2020
2007
1979
1992
1978
1962
1962
1926
1912
1889
1925
1891
1892
1858
1847
1796
1842
1813
1794
1775
1736
1749
1716
1712
1702
1699
1662
1673
1664
1636
1616
1611
1572
1582
1571
1553
1522
1511
1513
1492
1488
1521
1500
1458
1450
1466
1469
1429
1438
1448
1412
1411
1390
1393
1383
1396
1382
1383
1378
1356
1342
1346
1344
1332
1330
1284
1314
1319
1316
1300
1288
1287
1304
1258
1257
1278
1290
1255
1247
1250
1266
1276
1253
1235
1247
1247
1219
1246
1245
1242
1214
1217
1244
1234
1219
1213
1207
1214
1201
1218
1205
1231
1215
1210
1236
1201
1223
1214
1266
1288
1318
1338
1358
1396
1415
1434
1544
1555
1592
1642
1700
1740
1774
1780
1823
1832
1850
1880
1901
1904
1947
1952
1992
2000
1985
2021
2042
2074
2074
2095
2114
2124
2149
2168
2172
2166
2175
2196
2208
2208
2205
2215
2260
2274
2282
2262
2276
2266
2258
2262
2291
2286
2280
2273
2268
2254
2267
2285
2279
2235
2265
2248
2250
2217
2226
2243
2243
2243
2212
2232
2218
2247
2236
2234
2214
2230
2226
2232
2204
2203
2203
2194
2178
2162
2143
2129
2129
2096
2087
2093
2116
2117
2089
2060
2064
2056
2050
2067
2061
2054
2050
2032
2031
2046
2024
2030
2008
2004
2025
2000
2010
2008
2033
2020
2050
2024
2032
2017
2039
2028
2042
2034
2025
2039
2012
2011
2029
2012
2023
2042
2015
2032
2032
2027
1997
2012
2004
2017
1973
1991
1974
1998
1977
1989
1979
2023
2009
2021
1986
1983
2016
1998
1997
1965
1992
1982
1983
1974
1987
1960
1972
1974
1964
1943
1985
1964
1968
1922
1912
1955
1972
1954
1952
1945
1917
1925
1933
1942
1935
1933
1927
1936
1938
1939
1948
1915
1924
1916
1879
1902
1904
1932
1917
1930
1908
1908
1871
1910
1917
1888
1882
1878
1882
1886
1893
1868
1868
1867
1857
1855
1850
1856
1853
1841
1892
1867
1882
1854
1858
1858
1834
1835
1830
1863
1843
1834
1850
1818
1844
1837
1827
1841
1844
1822
1839
1852
1844
1809
1820
1834
1837
1840
1796
1837
1833
1835
1808
1833
1807
1804
1754
1787
1809
1838
1843
1814
1808
1825
1794
1809
1788
1809
1788
1813
1825
1798
1817
1778
1808
1828
1799
1812
1839
1809
1823
1809
1810
1838
1818
1835
1843
1829
1833
1855
1843
1837
1833
1842
1825
1818
1822
1816
1823
1839
1837
1852
1830
1848
1824
1826
1816
1828
1833
1861
1833
1828
1867
1841
1823
1827
1842
1828
1846
1830
1856
1863
1881
1829
1843
1867
1838
1815
1843
1840
1824
1805
1830
1813
1829
1827
1812
1814
1784
1808
1779
1792
1776
1773
1785
1766
1784
1791
1757
1777
1769
1771
1774
1790
1749
1762
1754
1752
1773
1759
1746
1765
1779
1775
1778
1790
1751
1764
1782
1755
1771
1752
1752
1744
1771
1747
1745
1751
1746
1735
1734
1716
1740
1731
1740
1724
1747
1723
1728
1752
1720
1739
1720
1752
1719
1725
1715
1717
1701
1712
1722
1720
1702
1710
1712
1702
1689
1707
1701
1702
1688
1701
1715
1693
1706
1699
1696
1692
1713
1681
1691
1699
1685
1713
1692
1685
1672
1679
1673
1713
1666
1651
1704
1684
1659
1654
1695
1684
1682
1663
1666
1696
1666
1664
1668
1661
1667
1674
1644
1677
1676
1681
1651
1669
1673
1672
1627
1640
1659
1670
1661
1665
1683
1681
1641
1632
1674
1670
1678
1642
1643
1664
1667
1673
1676
1663
1652
1643
1631
1651
1642
1625
1649
1655
1642
1617
1639
1651
1635
1652
1626
1634
1641
1617
1637
1634
1627
1634
1610
1634
1644
1642
1641
1612
1620
1653
1626
1639
1626
1642
1623
1655
1641
1609
1612
1642
1638
1642
1638
1615
1606
1601
1594
1618
1621
1606
1627
1614
1619
1608
1614
1582
1603
1598
1614
1586
1605
1601
1591
1564
1604
1590
1587
1591
1610
1585
1610
1595
1579
1602
1599
1590
1606
1608
1604
1577
1581
1580
1581
1598
1546
1552
1599
1576
1560
1582
1588
1569
1586
1552
1564
1587
1554
1560
1580
1559
1595
1580
1578
1564
1577
1549
1564
1566
1587
1597
1571
1562
1584
1552
1556
1580
1555
1552
1559
1559
1552
1542
1550
1564
1566
1580
1583
1568
1549
1584
1531
1574
1570
1558
1545
1585
1596
1561
1573
1570
1557
1616
1581
1605
1643
1652
1694
1716
1748
1800
1892
1921
1942
1967
1992
2002
2036
2051
2078
2063
2112
2176
2186
2216
2242
2256
2273
2268
2316
2298
2310
2323
2327
2323
2334
2309
2315
2297
2299
2342
2367
2381
2397
2450
2405
2453
2435
2444
2439
2467
2467
2496
2467
2512
2505
2520
2505
2519
2539
2537
2568
2568
2588
2575
2592
2583
2568
2585
2608
2566
2585
2605
2604
2571
2580
2570
2576
2530
2574
2574
2562
2540
2580
2556
2546
2558
2585
2555
2581
2525
2558
2578
2628
2690
2712
2763
2758
2785
2764
2798
2803
2808
2817
2853
2902
2896
2897
2923
2909
2919
2894
2931
2931
2896
2941
2970
2950
2968
2992
2973
2966
2970
2976
2928
2929
2938
2971
2956
2970
2986
2978
2960
2977
2991
2989
2986
2964
2992
2957
2974
2973
2974
2982
2949
2979
2978
2970
2940
2965
2952
2939
2926
2908
2947
2918
2912
2902
2925
2916
2890
2882
2882
2872
2855
2865
2850
2848
2834
2843
2862
2808
2823
2822
2800
2774
2804
2765
2749
2767
2760
2741
2715
2706
2709
2683
2648
2663
2642
2644
2649
2622
2587
2598
2603
2599
2588
2589
2537
2552
2516
2535
2515
2484
2466
2460
2461
2445
2436
2411
2411
2409
2406
2403
2384
2374
2333
2307
2324
2298
2260
2258
2243
2249
2220
2216
2208
2199
2138
2156
2144
2137
2080
2106
2082
2076
2061
2052
2061
2068
2016
2019
1990
1975
1943
1936
1914
1915
1870
1878
1883
1851
1831
1833
1822
1820
1764
1770
1748
1747
1750
1750
1735
1736
1735
1714
1712
1694
1692
1675
1669
1684
1677
1679
1653
1686
1655
1660
1649
1632
1642
1637
1638
1625
1614
1641
1584
1617
1596
1598
1579
1597
1608
1580
1591
1566
1552
1563
1557
1550
1572
1562
1548
1537
1546
1546
1511
1494
1539
1487
1481
1475
1470
1465
1488
1473
1458
1470
1451
1435
1439
1468
1460
1450
1439
1447
1427
1436
1425
1445
1463
1405
1389
1392
1403
1380
1384
1393
1390
1379
1357
1375
1365
1354
1368
1348
1360
1336
1332
1353
1361
1352
1343
1323
1332
1346
1353
1327
1336
1357
1329
1291
1308
1303
1289
1286
1277
1298
1302
1290
1279
1263
1273
1264
1247
1270
1264
1264
1251
1233
1225
1242
1209
1207
1216
1209
1198
1217
1202
1187
1165
1192
1179
1197
1168
1183
1147
1148
1156
1171
1135
1133
1154
1122
1153
1115
1122
1096
1111
1135
1123
1113
1109
1114
1126
1092
1100
1114
1116
1098
1079
1095
1120
1098
1076
1094
1100
1096
1103
1075
1095
1096
1089
1064
1051
1071
1049
1053
1051
1033
1047
1077
1033
1041
1014
1039
1070
1047
1042
1045
1036
1065
1041
1059
1046
1060
1066
1072
1098
1129
1157
1151
1201
1231
1282
1262
1310
1331
1355
1398
1421
1444
1443
1446
1475
1450
1450
1444
1452
1416
1445
1442
1434
1473
1476
1474
1486
1501
1500
1518
1495
1517
1533
1535
1554
1557
1564
1581
1520
1604
1592
1587
1583
1571
1581
1602
1600
1584
1568
1603
1585
1573
1556
1586
1577
1533
1552
1568
1554
1518
1521
1565
1538
1539
1546
1563
1533
1554
1529
1543
1527
1534
1524
1544
1543
1535
1556
1554
1538
1532
1548
1555
1543
1554
1551
1555
1560
1541
1540
1550
1537
1532
1558
1545
1522
1543
1546
1543
1559
1572
1553
1543
1559
1563
1569
1555
1545
1570
1576
1546
1594
1586
1599
1581
1582
1602
1608
1597
1620
1635
1630
1638
1629
1632
1636
1624
1661
1665
1694
1673
1691
1710
1712
1761
1788
1805
1856
1887
1899
1927
1942
1941
1967
1955
1982
1977
1978
2001
1969
1964
1959
1990
1999
1998
1983
1962
1964
1967
1999
1988
2000
1981
2011
1966
1956
1992
1998
1956
1963
1948
1971
1934
1946
1944
1955
1943
1971
1977
1996
1991
2009
2011
1990
2015
2006
2024
1990
1996
1989
2003
1997
1991
1994
2008
1996
1996
1994
1997
1973
1978
2012
2014
1995
2004
2018
1966
1967
1942
1941
2013
2022
2071
2057
2042
2065
2061
2093
2084
2112
2117
2106
2114
2116
2107
2116
2119
2129
2115
2141
2138
2117
2100
2134
2117
2103
2135
2115
2131
2116
2122
2112
2122
2112
2139
2117
2110
2098
2131
2104
2104
2098
2084
2107
2079
2082
2067
2105
2080
2114
2066
2077
2100
2100
2081
2096
2062
2075
2033
2069
2038
2040
2019
2061
2039
2037
2013
2038
2051
2034
2032
2024
2020
2000
2015
2010
2046
2004
2017
2014
2050
2008
2045
1993
2029
2023
2012
1995
2004
2003
2014
2032
2047
2011
2036
2038
2010
1994
2003
2011
2007
1989
1989
1985
1981
1988
1972
1980
1988
1996
1965
1981
1962
1966
1966
1990
1948
1964
1970
1960
1988
1949
1969
1991
1993
1984
1988
1966
1927
1928
1948
1957
1969
1927
1964
1933
1954
1906
1948
1935
1944
1911
1906
1931
1928
1931
1949
1935
1946
1934
1958
1951
1955
1920
1910
1907
1898
1900
1911
1907
1901
1902
1893
1891
1910
1898
1893
1889
1880
1880
1885
1875
1877
1870
1855
1865
1856
1880
1861
1848
1850
1863
1875
1853
1863
1856
1858
1851
1890
1875
1859
1878
1880
1897
1903
1880
1874
1895
1868
1888
1859
1875
1857
1854
1875
1853
1866
1881
1858
1866
1841
1849
1829
1852
1855
1843
1859
1863
1849
1853
1856
1842
1831
1832
1843
1849
1854
1861
1813
1819
1821
1824
1827
1806
1844
1804
1807
1797
1797
1807
1815
1796
1815
1833
1819
1809
1787
1800
1835
1826
1805
1815
1836
1789
1795
1805
1797
1802
1816
1818
1799
1804
1799
1817
1796
1816
1776
1815
1794
1813
1802
1798
1780
1810
1791
1791
1793
1777
1784
1791
1789
1787
1787
1777
1785
1786
1787
1786
1766
1783
1780
1789
1774
1781
1773
1761
1765
1792
1759
1757
1754
1774
1771
1761
1769
1751
1738
1739
1767
1760
1735
1743
1720
1761
1742
1749
1724
1726
1715
1720
1707
1738
1754
1729
1730
1737
1717
1742
1718
1719
1735
1734
1745
1729
1708
1728
1754
1714
1736
1749
1736
1729
1744
1767
1787
1769
1805
1810
1837
1798
1822
1847
1845
1858
1906
1901
1940
1899
1911
1934
1938
1956
1946
1981
2005
2011
2020
2021
2030
2059
2031
2058
2058
2075
2100
2110
2122
2128
2151
2147
2158
2201
2199
2227
2237
2247
2242
2246
2281
2266
2304
2284
2299
2306
2304
2320
2294
2302
2293
2311
2293
2326
2286
2280
2326
2305
2328
2312
2345
2317
2357
2316
2331
2344
2325
2356
2310
2327
2341
2359
2332
2334
2376
2359
2358
2347
2358
2374
2338
2389
2382
2382
2369
2388
2430
2448
2463
2434
2459
2445
2451
2428
2432
2428
2434
2400
2435
2452
2447
2436
2434
2433
2452
2450
2438
2457
2472
2438
2479
2520
2607
2622
2697
2717
2740
2748
2769
2772
2770
2812
2790
2828
2869
2882
2853
2889
2919
2906
2901
2918
2948
2963
2989
2985
2972
2980
2985
3015
3023
3023
3007
3037
3056
3049
3050
3049
3086
3092
3070
3091
3109
3104
3092
3098
3103
3125
3107
3116
3111
3111
3130
3152
3176
3132
3174
3136
3136
3111
3122
3098
3082
3092
3102
3080
3052
3071
3092
3069
3064
3043
3044
3037
3012
3063
3052
3029
3028
3052
3027
3057
3031
3009
3034
3021
3001
2999
2997
2992
3002
2962
2964
2980
2988
2948
2967
2960
2924
2929
2925
2916
2896
2891
2878
2864
2915
2853
2872
2884
2863
2860
2838
2820
2799
2803
2760
2782
2771
2753
2725
2715
2712
2702
2676
2685
2687
2653
2670
2669
2638
2626
2606
2604
2632
2608
2593
2569
2562
2566
2563
2490
2508
2492
2498
2470
2447
2450
2422
2402
2432
2398
2409
2393
2351
2336
2347
2305
2294
2307
2269
2267
2246
2238
2244
2192
2192
2148
2146
2128
2104
2129
2097
2089
2088
2067
2061
2047
2009
2017
2008
2028
1991
1991
1988
2000
1961
1949
1969
1943
1952
1922
1940
1907
1904
1865
1883
1899
1870
1875
1875
1856
1849
1840
1844
1847
1849
1867
1834
1861
1859
1858
1835
1856
1840
1850
1863
1845
1855
1842
1829
1838
1823
1825
1819
1830
1803
1830
1820
1821
1824
1799
1766
1771
1759
1768
1767
1756
1742
1759
1755
1727
1751
1734
1727
1734
1726
1707
1696
1693
1691
1710
1681
1671
1668
1667
1682
1676
1656
1657
1644
1666
1635
1634
1662
1642
1641
1612
1619
1630
1610
1620
1622
1607
1562
1605
1597
1606
1583
1577
1594
1584
1566
1574
1590
1580
1566
1573
1554
1553
1559
1531
1569
1550
1535
1554
1543
1523
1530
1498
1518
1526
1515
1508
1536
1509
1508
1477
1542
1508
1516
1510
1492
1506
1498
1480
1477
1496
1469
1482
1466
1464
1449
1453
1468
1465
1467
1461
1435
1456
1471
1440
1439
1455
1443
1464
1437
1451
1447
1465
1438
1455
1426
1463
1458
1423
1454
1441
1435
1431
1456
1450
1452
1437
1439
1435
1449
1450
1431
1425
1437
1434
1401
1421
1435
1468
1465
1455
1446
1465
1435
1428
1465
1453
1443
1463
1442
1452
1450
1462
1448
1423
1423
1437
1477
1469
1442
1451
1475
1458
1461
1463
1473
1444
1448
1448
1475
1449
1472
1484
1492
1472
1466
1480
1492
1501
1465
1457
1462
1452
1467
1466
1462
1458
1446
1439
1459
1441
1459
1480
1464
1478
1464
1453
1489
1479
1475
1458
1427
1432
1435
1429
1431
1463
1453
1441
1451
1467
1452
1447
1464
1438
1457
1452
1445
1447
1459
1436
1451
1435
1453
1464
1440
1417
1441
1420
1454
1435
1412
1427
1467
1425
1460
1423
1446
1432
1415
1437
1443
1436
1445
1425
1453
1464
1427
1429
1420
1432
1421
1421
1412
1423
1411
1421
1430
1420
1387
1395
1408
1409
1391
1393
1392
1385
1404
1380
1374
1366
1361
1363
1382
1362
1362
1366
1374
1355
1353
1336
1354
1324
1363
1314
1327
1328
1343
1334
1365
1327
1329
1350
1347
1325
1358
1323
1354
1356
1353
1358
1339
1380
1363
1381
1361
1380
1376
1365
1353
1371
1374
1364
1368
1360
1378
1364
1355
1362
1384
1347
1364
1354
1355
1343
1357
1316
1335
1315
1343
1292
1312
1304
1302
1290
1281
1294
1271
1274
1259
1266
1284
1280
1262
1272
1286
1283
1284
1302
1304
1302
1291
1299
1301
1297
1291
1330
1310
1293
1288
1291
1296
1282
1291
1299
1287
1316
1307
1345
1363
1337
1354
1354
1364
1372
1373
1393
1377
1375
1360
1344
1340
1340
1342
1314
1307
1316
1275
1276
1276
1264
1270
1257
1273
1263
1281
1299
1287
1282
1321
1328
1358
1358
1365
1379
1411
1466
1531
1591
1641
1688
1701
1715
1735
1734
1767
1775
1776
1803
1825
1841
1872
1913
1911
1916
1905
1937
1915
1930
1946
1940
1936
1928
1935
1906
1899
1922
1909
1899
1865
1876
1878
1901
1863
1887
1868
1826
1827
1827
1852
1802
1790
1786
1772
1754
1730
1697
1678
1649
1639
1600
1616
1568
1589
1542
1583
1534
1556
1517
1531
1522
1548
1529
1501
1514
1464
1470
1471
1450
1441
1415
1410
1442
1419
1405
1412
1397
1395
1412
1369
1394
1380
1400
1388
1370
1371
1375
1380
1362
1368
1351
1354
1385
1368
1383
1342
1392
1382
1389
1419
1397
1429
1447
1435
1464
1476
1473
1509
1481
1517
1495
1497
1495
1539
1551
1553
1548
1530
1563
1562
1576
1554
1570
1574
1595
1560
1575
1578
1563
1532
Channel 1 Data:
2109
2111
2156
2080
2164
2152
2104
2163
2115
2136
2117
2151
2147
2112
2167
2156
2144
2134
2117
2112
2129
2147
2120
2168
2058
2144
2119
2115
2112
2094
2146
2123
2172
2146
2124
2114
2202
2095
2105
2114
2092
2065
2156
2090
2114
2115
2110
2109
2089
2087
2164
2148
2112
2163
2091
2104
2106
2048
2194
2132
2149
2139
2142
2085
2097
2145
2134
2107
2049
2132
2068
2038
2124
2084
2139
2076
2052
2124
2104
2055
2143
2150
2092
2178
2148
2156
2122
2113
2116
2117
2027
2162
2193
2121
2076
2105
2178
2080
2089
2148
2128
2089
2084
2106
2093
2034
2164
2090
2112
2061
2162
2140
2149
2097
2114
2070
2140
2102
2112
2144
2198
2095
2080
2104
2076
2088
2051
2104
2139
2147
2037
2085
2171
2052
2069
2137
2148
2090
2074
2140
2084
2228
2087
2142
2111
2118
2082
2085
2106
2054
2099
2164
2138
2127
2151
2110
2042
2124
2131
2142
2080
2078
2089
2132
2128
2084
2122
2160
2132
2100
2096
2109
2064
2211
2091
2108
2112
2173
2136
2120
2093
2152
2146
2164
2118
2112
2000
2150
2077
2098
2091
2165
2110
2141
2038
2132
2121
2126
2143
2090
2091
2074
2126
2084
2063
2086
2129
2129
2063
2075
2148
2131
2114
2116
2142
2080
2116
2075
2154
2100
2173
2167
2113
2109
2134
2109
2055
2106
2015
2056
2116
2179
2108
2031
2116
2129
2132
2052
2080
2128
2164
2091
2168
2135
2114
2082
2099
2108
2095
2064
2193
2093
2168
2110
2110
2078
2038
2123
2073
2140
2114
2113
2042
2053
2147
2095
2137
2063
2107
2136
2102
2160
2184
2089
2146
2101
2078
2120
2116
2176
2134
2101
2043
2070
2078
2096
2071
2108
2039
2155
2075
2145
2075
2098
2164
2142
2112
2162
2013
2166
2119
2168
2099
2102
2077
2107
2125
2121
2124
2149
2104
2164
2082
2163
2086
2164
2070
2132
2098
2112
2096
2141
2121
2060
2166
2088
2051
2099
2085
2108
2072
2112
2123
2140
2140
2157
2106
2078
2084
2030
2136
2083
2109
2183
2139
2151
2075
2095
2090
2124
2145
2086
2154
2104
2132
2105
2156
2099
2108
2126
2054
2151
2150
2164
2148
2098
2070
2100
2149
2085
2086
2087
2045
2102
2086
2118
2149
2105
2133
2114
2125
2131
2136
2179
2105
2117
2038
2124
2054
2066
2155
2073
2124
2070
2044
2084
2103
2116
2090
2060
2113
2132
2028
2086
2120
2113
2130
2038
2129
2096
2132
2185
2146
2048
2132
2093
2011
2089
2113
2122
2154
2090
2090
2098
2155
2117
2118
2087
2103
2059
2031
2114
2100
2171
2122
2142
2078
2070
2067
2091
2113
2046
2114
2131
2099
2057
2019
2073
2108
2126
2104
2131
2129
2104
2124
2122
2125
2097
2192
2168
2163
2114
2119
2167
2103
2096
2100
2159
2122
2082
2039
2095
2168
2063
2102
2097
2120
2092
2115
2113
2297
2070
2175
2155
2044
2122
2157
2128
2082
2130
2085
2134
2100
2148
2145
2069
2101
2024
2043
2144
2132
2160
2150
2075
2093
2149
1955
2114
2126
2152
2098
2078
2100
2071
2139
2143
2101
2115
2053
2113
2117
2094
2046
2082
2086
2106
2097
2026
2114
2075
2058
2004
2093
2091
2064
2122
2024
2050
2082
2103
2126
2118
2039
2089
2080
2068
2029
2054
2027
1976
2019
2017
1993
2033
2033
2031
1998
1949
2066
2073
2013
1910
2050
2017
2022
2013
2031
2024
1998
2036
1992
1980
1990
1952
1910
1999
1938
1987
2040
1988
1983
1991
2019
2006
2006
1894
2012
2008
1928
1946
1959
1971
1992
1981
1970
1869
1951
2031
1943
1868
1907
1954
1863
1958
1956
1962
1945
1907
1895
1973
1866
1914
1988
1895
1957
1921
1976
1914
1968
1938
1965
1911
1905
1913
1946
1986
1953
1871
1873
1925
1918
1918
1868
1944
1952
1863
1887
1922
1975
1949
1932
1910
1860
1919
1906
1900
1946
1938
1908
1886
1887
1945
1879
1884
1894
1926
1895
1907
1864
1950
1887
1913
1867
1896
1840
1881
1882
1892
1875
1960
1908
1908
1850
1901
1900
1874
1829
1949
1864
1880
1862
1864
1855
1883
1802
1788
1861
1847
1866
1883
1913
1838
1887
1931
1875
1840
1844
1910
1906
1867
1836
1898
1889
1904
1817
1868
1698
1840
1842
1890
1755
1810
1833
1857
1705
1933
1865
1862
1831
1776
1829
1890
1850
1872
1850
1864
1828
1862
1771
1859
1851
1839
1766
1831
1856
1822
1895
1864
1777
1799
1841
1902
1794
1831
1834
1848
1794
1835
1844
1836
1787
1831
1836
1770
1797
1875
1854
1820
1811
1825
1840
1798
1820
1813
1811
1775
1813
1736
1788
1794
1827
1810
1816
1794
1820
1765
1819
1854
1857
1754
1720
1764
1782
1832
1795
1813
1815
1784
1792
1770
1782
1741
1767
1735
1811
1811
1838
1744
1747
1797
1795
1822
1851
1804
1820
1890
1806
1807
1825
1782
1673
1789
1843
1759
1782
1755
1738
1792
1678
1731
1767
1766
1786
1786
1792
1798
1795
1758
1759
1793
1758
1788
1805
1772
1796
1706
1778
1784
1789
1776
1781
1786
1740
1800
1856
1806
1755
1739
1782
1779
1790
1811
1831
1752
1790
1848
1769
1801
1811
1805
1733
1831
1792
1824
1808
1760
1773
1764
1755
1871
1772
1746
1740
1780
1794
1772
1757
1776
1745
1815
1800
1803
1737
1854
1773
1816
1751
1794
1774
1834
1797
1752
1788
1839
1791
1819
1782
1803
1812
1791
1742
1797
1801
1815
1790
1818
1793
1840
1777
1808
1839
1811
1789
1829
1807
1795
1867
1869
1823
1778
1823
1861
1795
1806
1855
1744
1833
1760
1764
1801
1783
1807
1844
1836
1800
1799
1797
1833
1804
1804
1877
1885
1818
1827
1821
1849
1778
1777
1825
1822
1833
1826
1812
1790
1826
1872
1817
1800
1838
1930
1861
1859
1828
1829
1849
1823
1857
1850
1820
1868
1897
1839
1901
1832
1863
1860
1814
1869
1847
1844
1894
1807
1861
1842
1873
1887
1823
1826
1792
1888
1836
1873
1890
1802
1874
1834
1862
1877
1902
1862
1873
1868
1875
1859
1829
1823
1859
1886
1795
1859
1858
1826
1893
1885
1886
1828
1860
1913
1790
1909
1876
1908
1846
1865
1863
1855
1840
1843
1867
1870
1823
1871
1919
1880
1788
1872
1780
1902
1873
1844
1918
1916
1879
1867
1889
1889
1843
1957
1870
1786
1839
1866
1866
1837
1883
1810
1860
1847
1910
1896
1900
1907
1881
1922
1897
1939
1855
1929
1874
1871
1952
1920
1930
1930
1877
1952
1984
1882
1924
1944
1890
1956
1935
1925
1943
1892
1935
1951
1949
1959
1948
1969
1913
1915
1982
1956
1969
1940
2002
1973
1943
1979
2014
1961
1931
1984
2001
1956
1993
2030
2028
1973
1985
1979
2001
1981
2050
2036
2000
2056
2070
2035
1919
2032
2022
2025
1990
1971
2027
1989
2042
2021
2059
2077
2017
1999
1995
2066
2041
2002
2002
2052
2057
2065
2050
2015
2023
2045
2022
2091
2055
2073
2055
1997
2047
1956
2018
2066
2034
2071
1994
2047
2036
2051
1994
2085
2018
2143
2083
2061
1983
2086
2052
2056
2050
2108
2096
2125
2114
2109
2046
2078
2102
2071
2096
2076
2078
2119
2089
2055
2098
2123
2094
2093
2074
2086
2020
2064
2106
2107
2111
2088
2152
2112
2024
2094
2118
2065
2118
2158
2090
2121
2078
2080
2089
2058
2098
2128
2088
2144
2101
2159
2180
2159
2140
2187
2000
2183
2148
2159
2110
2108
2152
2170
2135
2176
2129
2157
2132
2209
2150
2155
2132
2168
2133
2146
2143
2192
2153
2161
2192
2139
2151
2188
2221
2215
2152
2206
2238
2106
2323
2223
2180
2197
2213
2198
2122
2190
2236
2184
2157
2179
2177
2161
2209
2176
2214
2194
2178
2250
2210
2180
2225
2204
2200
2200
2183
2212
2203
2189
2224
2223
2157
2189
2158
2259
2193
2201
2226
2234
2206
2221
2264
2246
2208
2242
2229
2250
2296
2278
2223
2158
2236
2206
2227
2173
2147
2189
2176
2216
2206
2219
2189
2220
2171
2270
2249
2243
2176
2270
2190
2245
2290
2257
2269
2273
2245
2187
2137
2215
2240
2124
2203
2170
2212
2279
2233
2161
2215
2208
2244
2248
2244
2276
2191
2162
2286
2266
2323
2241
2318
2240
2201
2174
2240
2226
2225
2217
2262
2240
2202
2289
2195
2152
2214
2290
2183
2227
2247
2293
2221
2236
2238
2281
2256
2254
2324
2283
2334
2200
2265
2266
2284
2280
2171
2235
2203
2245
2182
2216
2192
2233
2293
2282
2228
2210
2265
2251
2248
2296
2240
2315
2254
2302
2234
2307
2260
2215
2334
2313
2228
2276
2291
2215
2194
2279
2240
2272
2170
2290
2216
2232
2178
2227
2166
2259
2250
2321
2294
2195
2253
2254
2174
2173
2218
2272
2239
2276
2113
2286
2274
2220
2066
2235
2173
2226
2298
2266
2201
2180
2257
2299
2217
2278
2232
2234
2279
2158
2250
2297
2179
2281
2213
2102
2196
2226
2199
2207
2241
2201
2185
2152
2233
2193
2130
2150
2114
2178
2178
2141
2165
2092
2099
2135
2156
2098
2138
2128
2142
2037
2112
2082
2092
2137
2064
2016
2038
2012
2116
2028
2046
2075
1983
1967
2062
2025
2044
2059
2030
1987
1957
2056
2090
2042
2027
2073
2044
1984
2050
2037
1901
1982
1958
2069
1928
1903
1977
2032
1870
1904
1980
1927
1977
1948
1942
2004
2079
1922
1990
1988
1900
1929
1956
1914
1905
1874
1952
1906
1856
1843
1918
1950
1856
1788
1935
1869
1865
1955
1930
1880
1873
1876
1951
1936
1888
1977
1869
1976
1850
1926
1881
1947
1860
1899
1812
1868
1812
1884
1805
1971
1811
1848
1844
1862
1898
1865
1826
1800
1820
1945
1847
1868
1792
1886
1835
1855
1808
1877
1861
1823
1746
1835
1771
1790
1820
1840
1721
1817
1806
1814
1798
1793
1829
1729
1744
1788
1844
1775
1878
1863
1818
1758
1788
1857
1763
1752
1857
1803
1782
1730
1814
1816
1711
1765
1808
1725
1777
1724
1820
1759
1745
1753
1812
1813
1790
1787
1778
1778
1716
1763
1799
1763
1727
1763
1718
1701
1672
1656
1774
1718
1740
1750
1757
1749
1794
1701
1744
1745
1767
1804
1821
1755
1749
1801
1751
1778
1747
1763
1760
1760
1718
1758
1690
1706
1739
1760
1779
1713
1746
1699
1785
1692
1736
1753
1747
1686
1710
1750
1777
1735
1737
1742
1752
1652
1775
1732
1697
1723
1764
1742
1713
1756
1790
1721
1674
1789
1749
1684
1728
1773
1675
1737
1721
1762
1712
1717
1728
1787
1674
1777
1717
1746
1714
1743
1709
1732
1718
1745
1691
1742
1654
1718
1749
1726
1686
1701
1682
1730
1702
1737
1734
1715
1708
1748
1709
1776
1710
1750
1705
1762
1700
1646
1666
1687
1694
1709
1714
1684
1652
1588
1699
1720
1675
1717
1712
1725
1666
1694
1765
1669
1757
1764
1658
1691
1695
1764
1697
1692
1698
1714
1724
1670
1701
1690
1682
1670
1676
1752
1682
1697
1721
1704
1711
1700
1763
1723
1642
1696
1738
1743
1636
1691
1697
1691
1670
1704
1693
1646
1719
1715
1689
1663
1718
1625
1702
1694
1724
1744
1681
1716
1699
1705
1720
1758
1740
1697
1679
1710
1718
1720
1679
1688
1647
1730
1715
1708
1716
1719
1721
1682
1661
1696
1712
1708
1699
1710
1740
1661
1677
1739
1717
1693
1709
1686
1674
1648
1724
1703
1646
1722
1648
1712
1644
1615
1716
1700
1690
1703
1701
1702
1689
1734
1698
1645
1690
1756
1712
1798
1674
1727
1728
1677
1692
1679
1731
1711
1704
1705
1624
1706
1726
1706
1684
1660
1691
1698
1704
1682
1690
1709
1732
1681
1675
1698
1673
1733
1687
1693
1678
1753
1674
1690
1711
1666
1709
1714
1701
1667
1724
1716
1705
1721
1687
1721
1712
1732
1727
1727
1722
1707
1709
1723
1700
1714
1717
1729
1708
1746
1746
1696
1714
1723
1726
1699
1702
1721
1726
1739
1724
1732
1714
1705
1769
1728
1740
1720
1736
1777
1733
1676
1735
1724
1713
1778
1691
1728
1715
1706
1767
1735
1750
1735
1750
1681
1789
1752
1751
1748
1736
1782
1749
1756
1765
1770
1752
1744
1818
1743
1789
1759
1769
1769
1720
1767
1779
1786
1749
1734
1775
1760
1780
1780
1779
1747
1765
1797
1751
1817
1797
1770
1751
1800
1774
1757
1757
1797
1743
1760
1732
1751
1741
1826
1797
1792
1795
1820
1771
1803
1752
1818
1828
1794
1773
1853
1791
1821
1829
1883
1823
1842
1810
1755
1808
1811
1833
1925
1854
1871
1861
1856
1849
1846
1870
1879
1856
1891
1896
1875
1963
1897
1885
1898
1873
1904
1924
1898
1879
1987
1924
1904
1927
1819
1918
1927
1929
1949
1922
1962
1980
1986
1933
1981
1974
2016
1926
1900
1986
2011
1943
2000
1982
2000
2009
1975
1995
1995
1991
2022
2003
2004
1971
1920
1992
2010
2043
2077
2052
2076
2039
2036
2018
2045
2028
2045
2041
2072
2056
2031
2057
2048
2039
2049
2066
2065
2050
2047
2080
2062
2047
2102
2085
2043
2095
2123
2082
2147
2066
2082
2117
2089
2091
2105
2019
2045
2105
2121
2119
2041
2088
2151
2110
2057
2090
2106
2119
2109
2168
2102
2102
2115
2159
2149
2138
2206
2142
2253
2147
2096
2139
2199
2160
2145
2165
2164
2112
2067
2114
2154
2137
2121
2171
2197
2197
2211
2188
2218
2058
2170
2192
2202
2174
2134
2168
2136
2163
2228
2177
2178
2113
2088
2197
2137
2176
2242
2155
2200
2155
2236
2156
2158
2170
2259
2150
2172
2214
2194
2139
2247
2201
2211
2103
2216
2219
2166
2205
2301
2187
2208
2181
2051
2226
2208
2187
2192
2199
2226
2208
2280
2186
2185
2202
2220
2237
2219
2208
2242
2246
2222
2234
2232
2251
2232
2215
2244
2164
2208
2223
2211
2177
2205
2211
2229
2211
2192
2290
2271
2260
2256
2264
2216
2266
2246
2258
2278
2273
2292
2293
2221
2274
2165
2329
2266
2231
2268
2285
2262
2248
2261
2282
2235
2246
2258
2248
2314
2278
2297
2264
2190
2281
2288
2261
2226
2239
2255
2242
2308
2291
2294
2296
2248
2165
2326
2288
2260
2335
2294
2333
2225
2322
2286
2302
2282
2351
2283
2323
2324
2318
2352
2331
2288
2299
2327
2283
2279
2290
2233
2256
2310
2290
2293
2288
2322
2302
2256
2263
2273
2332
2310
2382
2268
2285
2284
2363
2296
2319
2307
2290
2312
2302
2283
2309
2327
2343
2298
2291
2285
2280
2320
2295
2314
2274
2298
2335
2312
2322
2248
2307
2351
2221
2345
2327
2282
2360
2280
2322
2334
2347
2352
2330
2363
2298
2377
2312
2266
2315
2337
2347
2327
2331
2310
2333
2315
2274
2400
2400
2333
2364
2370
2278
2330
2364
2314
2256
2356
2339
2306
2323
2280
2318
2352
2333
2296
2340
2359
2308
2427
2365
2373
2330
2467
2292
2357
2336
2442
2279
2341
2336
2330
2367
2365
2362
2379
2320
2366
2347
2371
2312
2364
2326
2339
2355
2344
2353
2290
2304
2296
2358
2382
2357
2334
2382
2356
2320
2321
2321
2379
2361
2328
2342
2382
2354
2323
2373
2322
2334
2364
2379
2356
2364
2322
2377
2331
2367
2410
2400
2318
2364
2214
2338
2298
2347
2356
2352
2381
2333
2350
2329
2332
2294
2353
2330
2322
2312
2352
2278
2350
2304
2331
2336
2294
2304
2316
2262
2228
2278
2291
2203
2215
2260
2230
2230
2129
2191
2142
2230
2217
2170
2129
2167
2186
2168
2173
2154
2186
2164
2124
2102
2104
2145
2108
2160
2141
2098
2117
2084
2101
2056
2099
2092
2127
2074
2072
2069
2051
2086
2035
2054
2030
2043
2042
2016
2043
2037
2044
1986
2048
2041
1992
2014
2036
1956
1990
2028
2008
1949
1982
1988
1963
1925
1891
1957
1973
1908
1879
1943
1980
1940
1961
1895
1927
1904
1910
1942
1923
1918
1949
1851
1910
1904
1951
1877
1935
1884
1920
1904
1924
1831
1881
1868
1913
1914
1895
1872
1850
1843
1910
1915
1843
1885
1863
1890
1864
1837
1852
1860
1897
1915
1823
1855
1872
1849
1864
1831
1894
1846
1853
1828
1834
1808
1856
1829
1833
1835
1881
1840
1841
1815
1839
1812
1836
1830
1850
1780
1818
1824
1804
1780
1777
1804
1793
1809
1802
1758
1771
1776
1820
1794
1808
1825
1785
1708
1813
1781
1807
1744
1792
1783
1781
1785
1800
1771
1742
1779
1818
1731
1739
1800
1733
1754
1760
1781
1768
1727
1763
1794
1662
1753
1726
1761
1753
1687
1722
1747
1767
1726
1742
1751
1766
1760
1718
1723
1747
1751
1714
1761
1782
1754
1710
1723
1749
1718
1777
1675
1736
1714
1718
1699
1765
1748
1724
1708
1751
1746
1727
1721
1748
1681
1733
1681
1714
1715
1751
1728
1717
1717
1762
1713
1711
1739
1742
1724
1710
1698
1728
1711
1727
1713
1742
1682
1698
1709
1725
1711
1684
1696
1726
1663
1714
1713
1723
1677
1706
1686
1654
1643
1692
1730
1700
1706
1687
1745
1729
1722
1723
1693
1701
1674
1700
1686
1673
1711
1675
1678
1703
1674
1691
1687
1671
1700
1633
1688
1715
1675
1689
1651
1720
1678
1702
1656
1670
1698
1670
1692
1672
1725
1711
1691
1664
1674
1705
1694
1704
1656
1676
1644
1690
1684
1628
1722
1680
1671
1669
1658
1662
1653
1640
1676
1678
1668
1682
1660
1674
1659
1728
1720
1656
1716
1707
1672
1704
1673
1671
1652
1674
1688
1678
1653
1688
1674
1673
1680
1678
1648
1690
1682
1690
1708
1725
1691
1659
1584
1650
1685
1678
1674
1657
1674
1662
1601
1700
1673
1690
1668
1693
1684
1706
1662
1650
1692
1677
1660
1702
1720
1707
1683
1684
1675
1698
1648
1710
1675
1643
1680
1710
1664
1677
1636
1688
1677
1715
1658
1686
1698
1714
1708
1696
1680
1652
1680
1705
1714
1675
1717
1706
1703
1694
1677
1698
1704
1720
1686
1722
1690
1690
1728
1672
1717
1728
1705
1716
1722
1716
1663
1696
1707
1703
1704
1696
1674
1694
1689
1767
1702
1750
1703
1770
1782
1723
1696
1691
1715
1690
1750
1714
1690
1735
1720
1722
1680
1751
1727
1728
1692
1724
1625
1711
1726
1734
1772
1737
1742
1731
1676
1745
1766
1722
1771
1740
1742
1720
1716
1745
1757
1747
1748
1756
1722
1730
1736
1728
1765
1746
1718
1759
1722
1750
1739
1751
1785
1756
1726
1742
1723
1781
1753
1724
1726
1734
1775
1768
1766
1793
1770
1755
1757
1771
1785
1767
1803
1774
1778
1743
1763
1742
1751
1739
1767
1773
1762
1753
1790
1775
1751
1825
1816
1772
1757
1804
1780
1793
1777
1773
1765
1749
1840
1781
1788
1774
1813
1790
1771
1680
1757
1809
1760
1787
1802
1855
1757
1780
1773
1779
1764
1823
1798
1747
1787
1744
1687
1772
1772
1779
1782
1764
1808
1787
1716
1775
1818
1793
1805
1810
1837
1820
1833
1801
1792
1783
1774
1761
1779
1841
1834
1753
1808
1827
1788
1827
1824
1809
1780
1766
1848
1833
1824
1849
1801
1824
1814
1831
1853
1859
1840
1852
1853
1857
1826
1910
1812
1819
1872
1871
1856
1932
1901
1897
1862
1886
1878
1925
1884
1909
1896
1905
1909
1909
1874
1886
1943
1934
1900
1892
1978
1935
1916
1934
1939
1938
1925
1955
1931
1970
1948
1936
1979
1970
1963
1985
1970
1975
1968
2000
2004
2024
1991
1953
2012
1989
2013
2006
2008
2033
1890
2004
1958
2030
1996
2016
2020
2004
1923
2047
2069
1985
2046
2058
2060
2070
2047
2057
2058
2066
2075
2060
2090
2099
2076
2034
2032
2067
2078
2085
2084
2098
2074
2060
2097
2056
2065
2085
2124
2088
2056
2159
2105
2093
2168
2106
2141
2099
2168
2143
2091
2130
2128
2132
2118
2113
2119
2149
2110
2115
2132
2173
2160
2117
2178
2177
2148
2168
2158
2120
2151
2192
2168
2188
2139
2142
2142
2122
2139
2119
2178
2189
2176
2166
2129
2174
2217
2221
2171
2154
2247
2211
2148
2162
2160
2192
2197
2180
2170
2188
2218
2190
2182
2170
2057
2208
2185
2139
2152
2198
2203
2189
2083
2212
2201
2189
2190
2223
2161
2206
2212
2221
2228
2230
2225
2236
2202
2176
2261
2222
2204
2214
2203
2221
2233
2243
2194
2176
2172
2236
2223
2213
2184
2231
2221
2273
2310
2269
2232
2243
2201
2192
2260
2267
2225
2292
2254
2228
2225
2260
2273
2261
2227
2300
2291
2233
2248
2240
2273
2261
2236
2264
2290
2244
2266
2258
2294
2229
2213
2302
2308
2253
2232
2204
2315
2244
2301
2291
2184
2295
2229
2313
2281
2284
2288
2325
2311
2212
2299
2296
2231
2250
2332
2316
2269
2250
2344
2256
2331
2285
2348
2288
2320
2316
2326
2257
2204
2209
2286
2261
2316
2253
2251
2222
2304
2256
2290
2291
2225
2312
2318
2342
2312
2325
2377
2311
2368
2273
2320
2284
2360
2258
2329
2279
2240
2294
2384
2289
2306
2343
2340
2276
2327
2320
2292
2304
2295
2359
2253
2293
2258
2410
2287
2269
2349
2282
2335
2380
2278
2317
2309
2336
2325
2304
2270
2240
2360
2327
2292
2315
2354
2304
2334
2344
2326
2321
2371
2396
2328
2335
2301
2358
2229
2320
2340
2231
2274
2238
2268
2299
2227
2252
2229
2230
2192
2226
2273
2229
2268
2186
2189
2255
2130
2208
2203
2227
2176
2194
2228
2147
2040
2178
2152
2148
2115
2087
2115
2136
2144
2124
2099
2137
2092
2110
2179
2128
2043
2064
2139
2057
2042
2055
2064
2053
2039
2040
2077
2000
2056
2033
2053
1982
2056
2084
2052
1920
2036
2041
1975
2004
1986
1984
1987
1964
2020
1982
1958
1961
1954
1951
1998
1952
2024
1982
1937
1933
1948
1937
1958
1907
1960
1939
1906
1907
1934
1897
1950
1953
1940
1933
1950
1914
1941
1947
1944
1934
1931
1914
1921
1906
1926
1886
1907
1910
1939
1859
1837
1959
1868
1882
1869
1861
1912
1886
1837
1932
1814
1858
1867
1885
1862
1901
1844
1827
1766
1858
1841
1882
1863
1911
1840
1847
1849
1790
1792
1871
1813
1840
1827
1829
1835
1867
1828
1822
1802
1857
1832
1817
1822
1843
1846
1807
1794
1829
1781
1845
1809
1779
1813
1815
1846
1873
1771
1819
1885
1828
1794
1803
1877
1816
1807
1742
1820
1781
1828
1808
1759
1749
1826
1794
1747
1762
1788
1739
1767
1807
1808
1821
1773
1787
1748
1748
1804
1818
1832
1743
1756
1802
1796
1834
1830
1770
1782
1789
1744
1776
1787
1689
1788
1743
1754
1755
1797
1685
1778
1759
1758
1768
1812
1734
1680
1755
1736
1752
1739
1768
1817
1808
1674
1767
1810
1737
1750
1757
1712
1779
1735
1776
1761
1823
1791
1723
1780
1664
1762
1676
1761
1730
1744
1733
1729
1748
1740
1755
1773
1725
1728
1678
1734
1771
1719
1765
1734
1707
1684
1741
1734
1760
1661
1682
1775
1704
1729
1750
1700
1751
1708
1764
1732
1757
1710
1766
1689
1696
1658
1749
1709
1714
1701
1724
1709
1721
1717
1739
1651
1722
1708
1751
1756
1669
1712
1732
1709
1688
1728
1712
1673
1718
1730
1691
1737
1747
1653
1715
1714
1696
1632
1739
1732
1784
1713
1701
1717
1753
1696
1734
1763
1699
1813
1760
1763
1741
1667
1758
1665
1711
1701
1704
1698
1696
1741
1714
1744
1697
1694
1729
1685
1662
1719
1666
1716
1731
1734
1697
1710
1719
1741
1730
1746
1736
1704
1698
1697
1695
1736
1764
1716
1654
1704
1672
1691
1607
1674
1698
1728
1672
1722
1736
1786
1638
1759
1755
1753
1676
1754
1716
1715
1665
1798
1736
1760
1698
1684
1740
1702
1721
1777
1673
1708
1674
1742
1707
1711
1591
1719
1707
1719
1766
1738
1748
1752
1703
1728
1687
1709
1753
1722
1714
1756
1723
1719
1731
1672
1752
1732
1763
1732
1722
1716
1736
1778
1749
1744
1743
1762
1710
1731
1792
1821
1727
1800
1704
1727
1794
1716
1736
1699
1750
1761
1741
1775
1753
1800
1756
1820
1812
1803
1777
1801
1828
1700
1817
1776
1790
1800
1752
1777
1793
1766
1838
1783
1752
1767
1815
1766
1770
1778
1864
1774
1734
1813
1779
1777
1753
1768
1799
1782
1794
1775
1749
1795
1783
1788
1756
1747
1794
1794
1719
1744
1775
1816
1799
1757
1753
1813
1821
1798
1770
1814
1778
1754
1861
1818
1802
1796
1845
1840
1846
1748
1816
1774
1792
1815
1808
1786
1782
1782
1779
1767
1788
1741
1808
1772
1760
1842
1829
1830
1701
1801
1797
1760
1786
1806
1831
1800
1828
1741
1841
1824
1718
1698
1866
1780
1750
1872
1893
1820
1837
1822
1839
1775
1835
1876
1864
1792
1833
1867
1927
1779
1849
1856
1768
1829
1814
1798
1800
1846
1805
1822
1793
1896
1801
1876
1789
1873
1805
1863
1791
1913
1846
1900
1824
1862
1726
1904
1861
1843
1824
1871
1838
1856
1895
1853
1844
1834
1739
1870
1816
1864
1833
1851
1747
1846
1810
1823
1907
1863
1863
1869
1757
1850
1860
1893
1860
1863
1853
1897
1846
1841
1832
1850
1804
1851
1783
1878
1868
1866
1918
1905
1855
1882
1874
1865
1982
1857
1942
1884
1909
1861
1872
1878
1911
1832
1894
1955
1897
1940
1865
1962
1927
1887
1832
1933
1948
1909
2042
2000
1924
1968
2009
2032
1972
1975
2016
1980
1984
1964
1984
1976
1970
1975
2003
1910
1960
1996
2024
2021
2050
2019
2003
1999
2066
1979
2059
2056
1947
2022
2103
2054
2078
2008
2059
2018
2067
2004
2050
2030
2032
2032
2006
2059
2061
2046
2082
2042
1916
2088
2074
2034
2121
2042
2036
2029
1982
2124
2081
2085
2100
2110
2022
2096
2168
2081
2076
2170
2119
2070
2128
2098
2102
2111
1988
2180
2093
2153
2139
2165
2073
2114
2087
2139
2131
2157
2154
2154
2171
2109
2164
2208
2119
2185
2131
2195
2088
2107
2164
2155
2065
2114
2116
2137
2083
2190
2097
2183
2080
2183
2183
2169
2184
2234
2195
2167
2243
2219
2154
2179
2176
2210
2208
2171
2194
2168
2132
2128
2193
2213
2181
2278
2163
2215
2173
2169
2226
2245
2218
2150
2237
2208
2258
2198
2179
2238
2189
2194
2180
2240
2220
2202
2126
2240
2225
2198
2223
2272
2196
2188
2134
2219
2189
2256
2278
2196
2219
2259
2309
2200
2257
2238
2257
2224
2197
2229
2283
2204
2291
2211
2141
2116
2210
2252
2258
2151
2117
2256
2284
2271
2245
2240
2280
2236
2308
2222
2279
2265
2242
2211
2216
2207
2233
2269
2280
2183
2182
2178
2263
2251
2273
2240
2284
2218
2271
2233
2311
2291
2247
2307
2212
2268
2283
2299
2300
2222
2274
2256
2269
2297
2234
2292
2232
2264
2238
2333
2253
2245
2306
2242
2268
2337
2317
2243
2256
2346
2324
2219
2248
2336
2330
2333
2315
2265
2271
2285
2211
2249
2247
2374
2363
2230
2270
2243
2118
2259
2233
2313
2343
2272
2376
2310
2306
2292
2356
2350
2304
2302
2363
2344
2264
2320
2325
2305
2317
2347
2321
2298
2313
2278
2258
2348
2284
2314
2274
2293
2242
2288
2240
2285
2313
2291
2255
2297
2330
2339
2347
2304
2346
2355
2328
2340
2364
2290
2236
2315
2305
2320
2358
2308
2268
2266
2340
2294
2301
2332
2368
2310
2334
2328
2389
2338
2390
2294
2280
2360
2276
2274
2316
2343
2283
2272
2369
2189
2250
2241
2323
2279
2270
2259
2320
2378
2311
2364
2325
2325
2384
2277
2256
2306
2235
2329
2295
2286
2293
2260
2307
2294
2155
2332
2335
2249
2295
2236
2265
2213
2293
2267
2322
2358
2264
2276
2280
2257
2278
2343
2331
2256
2279
2388
2266
2234
2209
2206
2241
2216
2241
2257
2355
2217
2288
2221
2215
2179
2211
2204
2187
2289
2253
2082
2191
2227
2204
2165
2187
2134
2125
2171
2184
2164
2136
2114
2137
2095
2055
2094
2199
2145
2090
2079
2129
2094
2119
2043
2069
2089
2060
2097
2092
2064
2033
2124
2101
2025
2056
1975
2091
1972
2003
2040
2043
2003
2054
2068
2012
1970
1987
2004
2101
1954
1984
1954
1969
1926
1929
1939
1942
1902
1958
1950
1972
1944
1815
1978
1967
1856
1904
1915
1961
1903
1982
1905
1912
1899
1940
1928
1940
1912
1957
1924
1885
1892
1841
1940
1872
1871
1961
1913
1876
1903
1880
1840
1889
1820
1904
1900
1860
1868
1880
1884
1837
1882
1895
1785
1786
1845
1860
1837
1859
1834
1831
1874
1822
1872
1804
1890
1785
1860
1899
1861
1881
1849
1835
1863
1869
1808
1779
1798
1801
1829
1774
1813
1822
1818
1857
1803
1791
1813
1824
1850
1786
1776
1746
1800
1805
1847
1807
1780
1838
1795
1741
1792
1779
1804
1793
1801
1821
1811
1704
1900
1684
1796
1791
1815
1796
1795
1777
1799
1781
1748
1770
1819
1696
1772
1735
1760
1793
1763
1761
1742
1758
1729
1730
1783
1705
1763
1752
1749
1742
1847
1738
1747
1693
1736
1751
1741
1778
1782
1789
1729
1697
1797
1796
1754
1795
1824
1816
1785
1710
1756
1795
1751
1785
1787
1676
1754
1809
1749
1719
1751
1728
1744
1745
1713
1708
1781
1739
1719
1785
1728
1778
1711
1749
1728
1726
1736
1765
1710
1746
1722
1734
1760
1665
1748
1834
1652
1738
1731
1777
1805
1700
1738
1766
1694
1727
1744
1744
1789
1699
1745
1707
1665
1643
1744
1747
1730
1755
1744
1751
1704
1674
1756
1745
1767
1690
1658
1769
1728
1731
1710
1752
1730
1781
1752
1697
1725
1773
1794
1713
1729
1727
1774
1725
1733
1703
1680
1715
1737
1703
1691
1724
1695
1733
1705
1763
1782
1707
1766
1715
1761
1718
1736
1758
1755
1725
1696
1723
1737
1774
1761
1728
1816
1745
1758
1733
1735
1728
1715
1764
1730
1805
1702
1694
1722
1756
1736
1786
1748
1642
1719
1771
1644
1683
1721
1705
1719
1690
1764
1717
1693
1694
1646
1755
1708
1660
1725
1705
1702
1713
1773
1751
1744
1756
1792
1688
1735
1700
1750
1724
1730
1762
1772
1664
1782
1690
1739
1718
1756
1773
1755
1759
1652
1695
1747
1783
1665
1737
1791
1742
1864
1755
1800
1755
1807
1751
1811
1719
1771
1751
1745
1776
1751
1768
1768
1792
1750
1760
1815
1789
1782
1763
1761
1745
1742
1800
1812
1738
1767
1804
1757
1754
1778
1773
1769
1804
1816
1780
1796
1814
1728
1778
1758
1819
1741
1776
1764
1834
1800
1810
1801
1796
1831
1763
1829
1828
1826
1770
1783
1813
1754
1743
1817
1768
1716
1812
1786
1783
1762
1761
1767
1809
1735
1766
1800
1847
1822
1856
1783
1792
1838
1792
1780
1780
1814
1832
1754
1821
1835
1733
1863
1778
1783
1830
1802
1833
1801
1806
1755
1778
1803
1820
1790
1814
1831
1788
1804
1779
1838
1862
1820
1799
1862
1824
1799
1801
1823
1882
1834
1806
1835
1802
1819
1769
1857
1818
1803
1836
1860
1808
1835
1838
1889
1834
1846
1785
1866
1809
1835
1892
1899
1806
1799
1837
1841
1849
1808
1819
1854
1742
1832
1856
1880
1799
1815
1828
1829
1846
1900
1879
1747
1859
1899
1870
1906
1844
1908
1853
1816
1866
1897
1882
1861
1889
1895
1810
1920
1882
1875
1836
1883
1873
1910
1870
1858
1857
1887
1914
1886
1910
1929
1922
1987
1856
1952
1958
1945
1956
1933
1916
1912
1919
1970
1971
1947
1963
1941
1926
1962
1956
1959
1954
2006
1968
1961
1959
1952
2027
1980
1965
2023
2024
1966
1969
2012
1972
1966
1955
2007
2016
1960
2010
2000
2028
1979
2015
2036
2027
2039
2012
1975
2037
2022
2066
1997
2006
2021
2064
2011
2009
2026
2070
2071
2049
2054
2061
1999
2070
2054
2029
2039
2070
2081
2092
1987
2039
2093
2108
2124
2119
2075
2076
2092
2107
2108
2126
2108
2070
2092
2093
2104
2087
2074
2101
2089
2109
2128
2108
2080
2133
2133
2104
2052
2102
2134
2155
2163
2031
2202
2165
2116
2154
2112
2096
2146
2194
2117
2119
2129
2184
2186
2126
2142
2159
2151
2121
2158
2174
2144
2213
2211
2187
2136
2177
2154
2149
2147
2184
2209
2167
2126
2138
2171
2200
2184
2153
2148
2160
2208
2187
2240
2160
2165
2178
2223
2176
2178
2218
2147
2144
2198
2176
2205
2178
2237
2203
2248
2216
2229
2215
2246
2248
2233
2238
2193
2192
2227
2219
2240
2168
2190
2212
2240
2269
2198
2268
2259
2230
2207
2222
2200
2231
2248
2190
2239
2222
2190
2242
2240
2172
2160
2237
2252
2254
2218
2220
2249
2242
2223
2218
2244
2208
2238
2290
2236
2314
2268
2236
2176
2326
2215
2286
2231
2284
2225
2247
2258
2278
2199
2233
2258
2316
2186
2244
2226
2266
2261
2256
2314
2275
2292
2274
2260
2262
2239
2283
2239
2246
2267
2309
2198
2284
2180
2238
2238
2252
2260
2236
2231
2288
2236
2288
2240
2278
2241
2312
2370
2322
2288
2270
2264
2282
2246
2301
2288
2281
2233
2262
2269
2264
2268
2307
2218
2234
2308
2330
2324
2333
2263
2327
2286
2302
2344
2280
2281
2238
2336
2259
2264
2309
2280
2305
2268
2387
2281
2340
2325
2245
2295
2287
2322
2306
2340
2263
2323
2282
2275
2331
2267
2315
2335
2275
2293
2308
2331
2292
2310
2319
2307
2256
2242
2317
2372
2321
2279
2258
2268
2316
2298
2313
2301
2288
2262
2304
2293
2342
2340
2377
2345
2225
2336
2350
2362
2327
2270
2274
2288
2275
2310
2261
2350
2266
2278
2330
2280
2261
2295
2273
2285
2237
2248
2260
2240
2286
2265
2268
2217
2292
2246
2279
2293
2263
2255
2274
2301
2320
2223
2269
2273
2292
2314
2301
2308
2244
2196
2295
2301
2260
2317
2244
2276
2256
2244
2216
2281
2308
2223
2275
2252
2244
2272
2198
2284
2225
2298
2248
2282
2257
2233
2360
2232
2274
2284
2243
2305
2256
2264
2284
2236
2276
2230
2310
2272
2237
2240
2280
2252
2244
2232
2229
2292
2230
2248
2258
2261
2268
2209
2246
2306
2220
2268
2225
2281
2244
2260
2277
2243
2197
2216
2218
2241
2260
2213
2316
2253
2268
2291
2288
2251
2228
2254
2215
2231
2210
2291
2298
2260
2245
2247
2236
2238
2258
2228
2213
2208
2236
2233
2228
2234
2250
2039
2243
2205
2231
2277
2216
2216
2206
2037
2240
2274
2221
2216
2237
2249
2278
2260
2211
2214
2244
2211
2242
2229
2218
2194
2210
2191
2196
2195
2247
2196
2219
2213
2166
2212
2220
2200
2219
2208
2199
2199
2246
2194
2213
2192
2272
2193
2202
2227
2217
2198
2208
2253
2249
2212
2194
2241
2236
2247
2236
2219
2211
2223
2210
2192
2190
2256
2218
2224
2206
2225
2212
2198
2210
2177
2244
2258
2218
2187
2116
2186
2204
2176
2181
2192
2206
2184
2253
2168
2221
2248
2238
2186
2167
2199
2280
2182
2172
2205
2203
2212
2213
2179
2185
2008
2175
2176
2233
2194
2182
2184
2200
2029
2141
2204
2217
2217
2165
2157
2207
2200
2192
2214
2205
2190
2187
2238
2205
2181
2158
2200
2214
2160
2223
2177
2204
2179
2156
2209
2192
2141
2190
2190
2223
2210
2208
2202
2160
2193
2215
2189
2114
2199
2180
2189
2176
2174
2204
2242
2189
2176
2189
2178
2164
2200
2173
2165
2160
2193
2182
2200
2171
2180
2180
2201
2167
2189
2176
2173
2202
2180
2175
2173
2153
2176
2173
2173
2209
2190
2166
2171
2151
2165
2160
2157
2169
2167
2161
2183
2190
2182
2162
2180
2177
2188
2164
2158
2168
2068
2175
2173
2189
2212
2181
2188
2164
2029
2174
2172
2166
2167
2176
2181
2172
2176
2172
2160
2175
2167
2178
2171
2156
2162
2160
2170
2174
2173
2188
2173
2157
2172
2153
2000
2161
2164
2179
2171
2168
2178
2176
2189
2143
2158
2158
2189
2165
2177
2167
2145
2144
2164
2169
2005
2013
2165
2171
2166
2124
2162
2153
2150
2152
2144
2157
2145
2181
2148
2167
2144
2169
2148
2143
2150
2162
2170
2147
2167
2144
2176
2159
2153
2155
2160
2142
2168
2154
2151
2154
2147
2148
2178
2147
2164
2153
2194
2163
2147
2145
2164
2169
2146
2148
2141
2115
2163
2149
2163
2186
2153
2154
2149
2162
2144
2148
2147
2147
2155
2151
2141
2174
2149
2160
2146
2134
2134
2148
2152
2145
2033
2132
2155
2154
2062
2130
2149
2137
1986
2122
2148
2147
1979
2123
