Starting data capturing
Starting data capturing
Channel 0 Data:
0
0
0
0
0
0
0
0
0
0
0
0
0
0
0
0
0
0
0
0
0
0
0
0
0
0
0
0
0
0
0
0
0
0
0
0
0
0
0
0
0
0
0
0
0
0
0
0
0
0
0
0
0
0
0
0
0
0
0
0
0
0
0
0
0
0
0
0
0
0
0
0
0
0
0
0
0
0
0
0
0
0
0
0
0
0
0
0
0
0
0
0
0
0
0
0
0
0
0
0
0
0
0
0
0
0
0
0
0
0
0
0
0
0
0
0
0
0
0
0
0
0
0
0
0
0
0
0
0
0
0
0
0
0
0
0
0
0
0
0
0
0
0
0
0
0
0
0
0
0
0
0
0
0
0
0
0
0
0
0
0
0
0
0
0
0
0
0
0
0
0
0
0
0
0
0
0
0
0
0
0
0
0
0
0
0
0
0
0
0
0
0
0
0
0
0
0
0
0
0
0
0
0
0
0
0
0
0
0
0
0
0
0
0
0
0
0
0
0
0
0
0
0
0
0
0
0
0
0
0
0
0
0
0
0
0
0
0
0
0
0
0
0
0
0
0
0
0
0
0
0
0
0
0
0
0
0
0
0
0
0
0
0
0
0
0
0
0
0
0
0
0
0
0
0
0
0
0
0
0
0
0
0
0
0
0
0
0
0
0
0
0
0
0
0
0
0
0
0
0
0
0
0
0
0
0
0
0
0
0
0
0
0
0
0
0
0
0
0
0
0
0
0
0
0
0
0
0
0
0
0
0
0
0
0
0
0
0
0
0
0
0
0
0
0
0
0
0
0
0
0
0
0
0
0
0
0
0
0
0
0
0
0
0
0
0
0
0
0
0
0
0
0
0
0
0
0
0
0
0
0
0
0
0
0
0
0
0
0
0
0
0
0
0
0
0
0
0
0
0
0
0
0
0
0
0
0
0
0
0
0
0
0
0
0
0
0
0
0
0
0
0
0
0
0
0
0
0
0
0
0
0
0
0
0
0
0
0
0
0
0
0
0
0
0
0
0
0
0
0
0
0
0
0
0
0
0
0
0
0
0
0
0
0
0
0
0
0
0
0
0
0
0
0
0
0
0
0
0
0
0
0
0
0
0
0
0
0
0
0
0
0
0
0
0
0
0
0
0
0
0
4
0
8
14
65
87
181
131
225
224
247
254
294
310
375
359
384
368
387
360
376
381
425
407
345
379
375
404
372
433
404
428
462
484
454
407
412
435
512
459
467
403
456
426
379
356
408
388
371
368
391
439
415
341
356
407
385
407
413
363
417
393
428
427
408
404
421
405
390
283
322
317
323
244
292
337
448
538
541
586
596
661
624
673
724
726
731
817
885
899
890
904
925
944
953
935
1002
999
969
982
1028
1030
1013
993
984
1034
1044
1030
1063
1015
1072
1050
1001
1018
999
1012
1015
1044
948
947
942
956
992
904
965
946
900
877
936
949
899
880
879
874
867
857
831
848
857
803
834
791
802
813
867
831
846
800
834
800
774
770
772
803
728
704
720
697
687
690
754
614
702
665
667
642
674
660
716
627
586
636
640
629
644
597
624
577
600
592
583
615
576
573
661
707
697
744
770
783
822
819
847
823
808
810
860
832
855
871
888
895
857
854
836
907
904
901
913
892
888
874
866
895
885
890
941
924
932
903
896
914
904
862
901
931
885
906
890
917
906
900
899
857
868
821
785
802
778
778
753
759
752
744
715
758
761
746
699
733
721
710
711
765
723
738
744
717
695
698
728
667
721
714
752
678
658
706
699
654
700
726
640
670
698
688
713
658
695
710
736
691
738
721
709
743
715
711
742
702
747
757
815
802
802
883
840
851
827
849
857
820
836
827
791
822
850
802
805
801
804
768
786
762
795
761
768
741
736
692
711
711
722
716
677
709
724
653
680
693
720
675
700
638
670
692
666
620
670
676
647
644
648
678
620
656
656
647
636
638
690
630
634
618
632
612
637
611
620
637
646
617
635
592
636
593
645
634
599
597
601
637
602
571
627
613
614
568
593
570
544
576
582
583
612
546
582
589
547
566
579
559
620
562
597
526
596
580
571
536
569
532
515
487
468
531
566
533
486
539
648
518
593
541
561
528
571
565
584
537
597
560
593
551
555
547
597
487
535
541
551
494
503
549
541
548
540
544
565
539
477
513
561
541
481
546
572
532
532
520
562
515
545
512
508
514
479
500
487
533
510
512
465
499
496
488
527
513
573
477
554
493
524
466
475
512
508
462
485
461
470
460
539
503
521
489
463
453
481
539
560
533
585
599
623
697
743
789
829
836
828
972
979
1007
1068
1117
1156
1178
1255
1217
1266
1225
1284
1294
1302
1344
1438
1418
1473
1408
1546
1490
1536
1467
1509
1475
1559
1458
1437
1485
1497
1425
1493
1418
1334
1391
1379
1359
1350
1313
1322
1291
1299
1246
1242
1249
1280
1224
1188
1205
1191
1153
1106
1089
1096
1060
1056
1049
1045
1037
1016
968
930
1013
936
887
892
921
968
814
856
828
820
779
846
757
740
758
745
739
707
711
684
724
669
569
665
603
584
544
501
525
528
545
512
442
438
421
437
406
399
419
347
390
364
294
283
351
339
258
257
238
298
242
256
129
200
130
192
146
144
94
90
31
0
10
0
0
62
0
0
0
0
0
0
0
0
0
0
0
0
0
0
0
0
0
0
0
0
0
0
0
0
0
0
0
0
0
0
0
0
0
0
0
0
0
0
0
0
0
0
0
0
0
0
0
0
0
0
0
0
0
0
0
0
0
0
0
0
0
0
0
0
0
0
0
0
0
0
0
0
0
0
0
0
0
0
0
0
0
0
0
0
0
0
0
0
0
0
0
0
0
0
0
0
0
0
0
0
0
0
0
0
0
0
0
0
0
0
0
0
0
0
0
0
0
0
0
0
0
0
0
0
0
0
0
0
0
0
0
0
0
0
0
0
0
0
0
0
0
0
0
0
0
0
0
0
0
0
0
0
0
0
0
0
0
0
0
0
0
0
0
0
0
0
0
0
0
0
0
0
0
0
0
0
0
0
0
0
0
0
0
0
0
0
0
0
0
0
0
0
0
0
0
0
0
0
0
0
0
0
0
0
0
0
0
0
0
0
0
0
0
0
0
0
0
0
0
0
0
0
0
0
0
0
0
0
0
0
0
0
0
0
0
0
0
0
0
0
0
0
0
0
0
0
0
0
0
0
0
0
0
0
0
0
0
0
0
0
0
0
0
0
0
0
0
0
0
0
0
0
0
0
0
0
0
0
0
0
0
0
0
0
0
0
0
0
0
0
0
0
0
0
0
0
0
0
0
0
0
0
0
0
0
0
0
0
0
0
0
0
0
0
0
0
0
0
0
0
0
0
0
0
0
0
0
0
0
0
0
0
0
0
0
0
0
0
0
0
0
0
0
0
0
0
0
0
0
0
0
0
0
0
0
0
0
0
0
0
0
0
0
0
0
0
0
0
0
0
0
0
0
0
0
0
0
0
0
0
0
0
0
0
0
0
0
0
0
0
0
0
0
0
0
0
0
0
0
0
0
0
0
0
0
0
0
0
0
0
0
0
0
0
0
0
0
0
0
0
0
0
0
0
0
0
0
0
0
0
0
0
0
0
0
0
0
0
0
0
0
0
0
0
0
0
0
0
0
0
0
0
0
0
0
0
0
0
0
0
0
0
0
0
0
0
0
0
0
0
0
0
0
0
0
0
0
0
0
0
0
0
0
0
0
0
0
0
0
0
0
0
0
0
0
0
0
0
0
0
0
0
0
0
0
0
0
0
0
0
0
0
0
0
0
0
0
0
0
0
0
44
118
134
194
321
397
399
458
506
607
564
632
676
771
735
837
859
889
894
946
911
990
1011
974
1034
1105
1099
1077
1146
1141
1128
1182
1141
1172
1219
1183
1190
1203
1188
1236
1169
1200
1194
1173
1145
1120
1115
1129
1172
1163
1107
1153
1059
1088
1093
1085
1060
1099
1076
1098
1021
1076
1095
1092
1026
1026
1084
1093
1014
1034
988
1001
1051
1018
963
993
999
990
965
1017
980
997
956
919
977
904
881
894
902
877
912
947
942
903
893
944
942
909
861
910
942
962
910
919
896
918
816
837
864
863
858
873
848
811
825
789
825
825
821
802
773
799
783
748
788
736
767
732
750
763
708
750
736
768
750
715
727
768
802
727
735
777
798
813
771
743
834
757
807
832
815
823
771
816
779
803
797
807
776
837
837
857
862
845
796
911
873
827
822
824
823
812
900
906
824
883
862
898
879
859
907
867
842
832
864
852
836
909
889
863
847
833
896
807
838
863
869
852
811
807
860
846
815
796
850
843
834
815
821
885
876
817
835
848
860
828
852
851
815
828
879
858
823
860
848
846
792
772
847
840
843
806
827
864
832
869
825
837
884
812
800
850
811
846
845
824
786
810
794
818
822
821
786
760
810
837
745
774
842
806
739
785
782
823
752
755
771
755
756
700
782
774
765
749
758
717
753
739
691
745
747
720
710
715
744
696
692
728
717
685
708
759
704
702
690
717
694
692
659
663
696
698
639
603
669
686
635
580
662
665
631
570
641
636
593
560
602
628
624
608
613
592
590
572
585
580
582
531
567
575
569
550
542
579
542
516
533
567
562
531
558
542
562
605
544
584
570
585
566
556
571
565
561
629
584
658
587
644
647
711
622
698
751
790
802
849
923
966
951
1029
1043
1143
1157
1184
1278
1356
1392
1384
1451
1467
1511
1514
1560
1561
1538
1550
1587
1638
1543
1580
1619
1603
1599
1579
1563
1550
1582
1545
1559
1524
1512
1515
1485
1510
1455
1508
1401
1423
1421
1372
1360
1369
1303
1307
1310
1309
1281
1277
1212
1227
1202
1184
1178
1155
1117
1103
1084
1055
1082
1073
1021
957
956
985
940
867
863
848
823
826
796
794
747
786
747
772
725
701
659
678
669
660
627
576
572
561
528
518
513
519
481
500
484
486
430
404
424
349
395
386
364
369
302
325
294
253
224
159
187
219
138
176
141
138
105
98
92
98
87
88
35
37
56
53
4
16
0
0
0
0
0
0
0
0
0
0
0
0
0
0
0
0
0
0
0
0
0
0
0
0
0
0
0
0
0
0
0
0
0
0
0
0
0
0
0
0
0
0
0
0
0
0
0
0
0
0
0
0
0
0
0
0
0
0
0
0
0
0
0
0
0
0
0
0
0
0
0
0
0
0
0
0
0
0
0
0
0
0
0
0
0
0
0
0
0
0
0
0
0
0
0
0
0
0
0
0
0
0
0
0
0
0
0
0
0
0
0
0
0
0
0
0
0
0
0
0
0
0
0
0
0
0
0
0
0
0
0
0
0
0
0
0
0
0
0
0
0
0
0
0
0
0
0
0
0
0
0
0
0
0
0
0
0
0
0
0
0
0
0
0
0
0
0
0
0
0
0
0
0
0
0
0
0
0
0
0
0
0
0
0
0
0
0
0
0
0
0
0
0
0
0
0
0
0
0
0
0
0
0
0
0
0
0
0
0
0
0
0
0
0
0
0
0
0
0
0
0
0
0
0
0
0
0
0
0
0
0
0
0
0
0
0
0
0
0
0
0
0
0
0
0
0
0
0
0
0
0
0
0
0
0
0
0
0
0
0
0
0
0
0
0
0
0
0
0
0
0
0
0
0
0
0
0
0
0
0
0
0
0
0
0
0
0
0
0
0
0
0
0
0
0
0
0
0
0
0
0
0
0
0
0
0
0
0
0
0
0
0
0
0
0
0
0
0
0
0
0
0
0
0
0
0
0
0
0
0
0
0
0
0
0
0
0
0
0
0
0
0
0
0
0
0
0
0
0
0
0
0
0
0
0
0
0
0
0
0
0
0
0
0
0
0
0
0
0
0
0
0
0
0
0
0
0
0
0
0
0
0
0
0
0
0
0
0
0
0
0
0
0
0
0
0
0
0
0
0
0
0
0
0
0
0
0
0
0
0
0
0
0
0
0
0
0
0
0
0
0
0
0
0
0
0
0
0
0
0
0
0
0
0
0
0
0
0
0
0
0
0
0
0
0
0
0
0
0
0
0
0
0
0
0
0
0
0
0
0
0
0
0
0
0
12
72
94
117
168
264
306
307
389
435
493
553
602
684
714
712
832
828
914
992
988
997
1070
1071
1033
1111
1125
1160
1132
1155
1197
1208
1176
1224
1236
1215
1224
1256
1233
1242
1200
1203
1187
1177
1152
1151
1130
1156
1175
1108
1099
1161
1078
1115
1105
1082
1080
1018
999
1012
1052
982
1063
1018
1019
982
967
992
983
978
904
924
863
902
867
853
845
869
852
851
862
852
762
833
829
866
803
808
834
827
760
769
806
841
808
796
808
803
727
768
777
771
822
724
737
725
801
730
708
733
750
716
718
712
752
766
731
753
754
709
690
713
716
730
671
736
725
719
668
704
782
749
689
721
719
767
732
678
698
734
667
693
708
713
715
724
736
766
781
672
666
703
763
695
734
771
774
758
785
794
733
825
777
808
837
863
795
864
811
838
792
778
838
800
768
769
797
765
699
738
717
801
744
708
736
723
745
759
762
736
763
709
733
810
778
718
745
770
720
764
749
742
752
746
744
757
774
725
728
788
735
717
724
713
762
721
688
688
696
712
718
738
729
700
691
681
657
684
655
641
617
654
619
643
645
652
626
608
700
678
725
695
732
708
770
784
736
770
790
753
743
774
803
747
789
751
785
666
706
704
722
662
731
715
696
679
712
697
689
732
692
667
712
703
728
692
701
644
675
626
653
684
629
673
680
648
616
658
655
682
635
642
637
640
622
650
591
583
584
603
611
655
618
546
608
588
579
557
590
606
610
606
614
569
565
577
594
554
552
528
568
564
567
543
510
546
583
581
498
555
550
537
512
526
522
557
525
574
540
578
494
526
549
551
522
524
503
540
529
506
490
537
504
485
538
548
486
493
490
503
481
475
498
524
483
490
469
480
483
525
470
481
482
495
481
493
452
546
500
485
473
497
470
475
475
486
469
526
489
487
488
452
485
509
467
461
506
511
434
437
450
473
483
483
444
434
442
456
441
448
445
419
451
468
448
455
486
422
475
419
436
466
455
422
427
412
426
460
408
462
458
484
478
565
583
590
545
602
549
603
570
608
594
632
677
787
827
864
909
945
929
951
976
1040
1019
1079
1099
1128
1128
1193
1177
1160
1130
1190
1122
1158
1148
1130
1122
1126
1151
1175
1172
1171
1138
1205
1150
1154
1123
1199
1143
1156
1179
1132
1191
1193
1156
1127
1140
1163
1112
1120
1139
1146
1104
1122
1097
1057
1068
1091
1018
1075
1044
994
999
1043
1014
994
996
966
968
966
952
946
899
909
887
842
872
851
803
858
850
810
823
830
784
828
787
754
755
819
737
734
719
729
698
706
716
710
701
700
685
644
662
689
692
705
643
654
638
651
672
699
647
670
696
737
771
863
842
814
807
829
815
793
806
828
768
776
762
770
780
794
743
758
719
783
727
700
723
718
695
651
675
693
667
625
657
673
627
602
617
669
524
589
569
634
541
548
520
532
565
464
505
532
463
445
444
472
454
396
366
407
425
360
342
386
364
311
272
333
261
252
229
235
247
216
215
228
207
184
113
176
128
112
26
97
71
88
75
61
30
0
0
0
0
0
0
0
0
0
0
0
0
0
0
0
0
0
0
0
0
0
0
0
0
0
0
0
0
0
0
0
0
0
0
0
0
0
0
0
0
0
0
0
0
0
0
0
0
0
0
0
0
0
0
0
0
0
0
0
0
0
0
0
0
0
0
0
0
0
0
0
0
0
0
0
0
0
0
0
0
0
0
0
0
0
0
0
0
0
0
0
0
0
0
0
0
0
0
0
0
0
0
0
0
0
0
0
0
0
0
0
0
0
0
0
0
0
0
0
0
0
0
0
0
0
0
0
0
0
0
0
0
0
0
0
0
0
0
0
0
0
0
0
0
0
0
0
0
0
0
0
0
0
0
0
0
0
0
0
0
0
0
0
0
0
0
0
0
0
0
0
0
0
0
0
0
0
0
0
0
0
0
0
0
0
0
0
0
0
0
0
0
0
0
0
0
0
0
0
0
0
0
0
0
0
0
0
0
0
0
0
0
0
0
0
0
0
0
0
0
0
0
0
0
0
0
0
0
0
0
0
0
0
0
0
0
0
0
0
0
0
0
0
0
0
0
0
0
0
0
0
0
0
0
0
0
0
0
0
0
0
0
35
112
176
235
279
362
317
444
432
472
485
509
633
618
590
640
649
737
708
772
764
786
786
845
862
896
941
910
884
933
967
933
965
1051
1048
1054
985
1033
1029
1055
1109
1099
1051
1065
1094
1158
1122
1141
1115
1128
1162
1115
1152
1170
1156
1146
1147
1116
1102
1165
1052
1135
1097
1089
1075
1087
1188
1134
1046
1088
1089
1111
1069
1077
1132
1075
1093
1003
1121
1050
1083
1034
1065
1031
1016
1044
1059
1060
1033
1048
981
994
999
989
1030
939
962
881
954
910
910
878
887
846
847
889
875
826
859
805
782
781
780
814
766
823
846
831
795
803
764
848
780
831
799
801
880
836
844
820
879
846
884
847
813
875
877
891
880
823
893
911
896
907
900
875
913
868
868
862
868
893
883
902
939
896
858
879
942
905
970
961
936
969
916
919
913
946
923
948
918
964
948
939
923
933
915
891
866
869
857
919
859
886
820
823
828
865
805
848
774
872
816
836
833
847
829
786
796
807
873
838
789
890
809
818
865
808
780
848
802
790
795
798
778
751
825
843
759
740
744
804
775
780
760
792
818
736
753
745
715
721
735
803
762
720
713
761
776
728
806
760
771
730
757
757
773
777
772
766
789
756
772
823
813
805
741
790
792
794
759
800
770
808
775
794
795
814
760
778
755
738
701
736
764
778
734
723
746
778
760
703
684
729
701
654
690
707
724
633
715
669
616
586
646
612
678
589
648
631
608
648
656
671
586
617
563
618
625
595
621
556
578
610
547
588
549
548
541
578
562
564
519
535
554
606
598
567
578
516
551
531
553
531
596
591
578
575
598
572
569
613
576
496
530
562
556
541
532
584
528
563
529
527
534
576
553
552
550
524
511
585
537
556
502
546
526
545
550
576
507
514
524
584
534
595
553
520
558
536
567
507
514
520
514
462
570
592
562
476
479
530
538
507
582
562
520
527
534
572
571
586
578
522
544
522
527
569
567
583
546
558
509
528
505
532
557
567
463
548
505
535
537
501
507
524
480
500
472
516
489
494
516
458
484
429
479
494
482
427
505
433
474
420
470
477
444
472
402
489
441
476
408
419
448
416
445
473
411
449
443
472
468
467
417
417
433
443
406
486
459
478
444
418
461
447
475
438
478
509
481
444
482
510
462
424
486
500
487
466
493
482
506
460
485
514
482
477
512
516
500
533
546
476
480
513
467
559
535
551
571
512
549
557
541
552
551
560
560
565
546
575
591
615
600
657
652
682
666
674
802
762
804
849
804
833
861
873
923
897
895
975
922
914
934
961
947
927
956
1001
995
988
1012
1042
1074
1079
1063
1097
1130
1136
1153
1169
1181
1150
1175
1174
1228
1235
1186
1171
1163
1187
1174
1231
1173
1218
1226
1200
1230
1249
1259
1234
1243
1212
1249
1214
1240
1213
1251
1162
1187
1201
1212
1224
1196
1200
1199
1152
1166
1217
1255
1232
1199
1266
1263
1241
1268
1220
1263
1256
1188
1239
1218
1169
1179
1220
1203
1198
1130
1153
1135
1156
1106
1115
1094
1146
1093
1116
1072
1098
1067
1055
1040
1049
1047
1025
991
986
986
943
954
982
930
893
919
931
907
874
859
886
859
822
811
850
804
787
769
754
743
699
683
693
667
650
619
640
627
584
530
559
541
556
485
475
479
426
412
407
403
406
399
352
326
357
317
250
259
245
234
215
170
144
119
90
97
122
65
24
7
36
0
0
0
0
0
0
0
0
0
0
0
0
0
0
0
0
0
0
0
0
0
0
0
0
0
0
0
0
0
0
0
0
0
0
0
0
0
0
0
0
0
0
0
0
0
0
0
0
0
0
0
0
0
0
0
0
0
0
0
0
0
0
0
0
0
0
0
0
0
0
0
0
0
0
0
0
0
0
0
0
0
0
0
0
0
0
0
0
0
0
0
0
0
0
0
0
0
0
0
0
0
0
0
0
0
0
0
0
0
0
0
0
0
0
0
0
0
0
0
0
0
0
0
0
0
0
0
0
0
0
0
0
0
0
0
0
0
0
0
0
0
0
0
0
0
0
0
0
0
0
0
0
0
0
0
0
0
0
0
0
0
0
0
0
0
0
0
0
0
0
0
0
0
0
0
0
0
0
0
0
0
0
0
0
0
0
0
0
0
0
0
0
0
0
0
0
0
0
0
0
0
0
0
0
0
0
0
0
0
0
0
0
0
0
0
0
0
0
0
0
0
0
0
0
0
0
0
0
0
0
0
0
0
0
0
0
0
0
0
0
0
0
0
0
0
0
0
0
0
0
0
0
0
0
0
0
0
0
0
0
0
0
0
0
0
0
0
0
0
0
0
0
0
0
0
0
0
0
0
0
0
0
0
0
0
0
0
0
0
0
0
0
0
0
0
0
0
0
0
0
0
0
0
0
0
0
0
0
0
0
0
0
0
0
0
0
0
0
0
0
0
0
0
0
0
0
0
0
0
0
0
0
0
0
0
0
0
0
0
0
0
0
0
0
0
0
0
0
0
0
0
0
0
0
0
0
0
0
0
0
0
0
0
0
0
0
0
0
0
0
0
0
0
0
0
0
0
0
0
0
0
0
0
0
0
0
0
0
0
0
0
0
0
0
0
0
0
0
0
0
0
0
0
0
0
0
0
0
0
0
0
0
0
0
0
0
0
0
0
0
0
0
0
0
0
0
0
0
0
0
0
0
0
0
0
0
0
0
0
0
0
0
0
0
0
0
0
0
0
0
0
0
0
0
0
0
0
0
0
0
0
0
0
0
0
0
0
0
0
0
0
0
0
0
0
0
0
0
0
0
0
0
0
0
0
0
0
0
0
43
94
105
154
203
260
313
436
424
497
507
546
522
598
622
669
702
773
791
884
792
885
886
954
979
1002
1022
1036
1037
1036
1037
1104
1134
1100
1088
1114
1107
1147
1106
1124
1093
1111
1172
1162
1160
1159
1117
1191
1123
1172
1126
1131
1113
1147
1044
1085
1040
1101
1081
1083
1098
1069
1053
1040
1004
1010
1032
1049
940
967
983
936
973
947
945
968
909
980
972
919
895
934
879
873
896
930
862
857
907
874
919
853
875
867
816
879
824
828
848
795
776
794
765
789
768
821
784
811
794
788
794
831
777
765
816
813
788
793
799
751
790
810
770
780
766
790
744
775
812
755
804
785
792
761
756
798
755
776
772
816
820
825
753
838
820
777
751
773
775
753
766
762
770
734
734
726
729
720
775
733
723
689
681
697
725
687
707
696
686
757
701
731
785
691
732
741
763
769
774
746
751
775
749
680
757
685
683
723
692
726
677
688
704
692
657
636
687
634
694
667
680
607
613
695
640
643
629
690
639
683
681
680
639
645
610
676
596
644
640
604
592
640
630
630
562
600
593
597
642
584
629
590
642
615
626
596
637
631
635
630
629
627
691
704
706
714
708
729
685
755
777
729
712
734
717
720
746
690
674
697
702
637
667
645
743
725
662
627
642
685
663
697
671
706
633
669
622
665
651
645
681
652
690
638
698
703
727
751
705
717
717
702
678
699
669
634
684
692
648
598
661
643
603
617
634
608
623
574
533
596
601
599
605
599
613
591
613
580
555
588
589
587
595
642
568
648
616
622
636
583
615
631
601
585
579
624
558
531
554
611
585
582
554
590
559
529
563
570
582
540
575
542
575
532
495
559
537
527
492
550
570
544
477
550
507
521
479
506
529
487
453
444
534
533
477
491
543
509
559
482
565
576
641
623
721
804
831
872
853
855
916
868
959
1014
1043
1077
1078
1093
1104
1098
1102
1110
1162
1198
1128
1184
1168
1208
1217
1223
1258
1265
1276
1237
1319
1292
1307
1379
1294
1320
1293
1324
1320
1256
1312
1251
1287
1284
1286
1275
1279
1276
1258
1248
1226
1310
1315
1288
1283
1240
1277
1254
1289
1257
1231
1227
1180
1154
1195
1127
1136
1137
1093
1116
1058
1042
1040
1050
1008
1010
1005
1009
919
948
914
929
890
915
894
853
856
857
808
836
796
792
814
792
776
740
706
709
697
663
707
681
668
631
618
613
632
593
586
595
558
482
513
504
508
446
481
458
461
445
390
407
395
362
317
320
348
303
272
296
253
268
191
232
202
193
158
125
139
106
83
71
54
56
0
0
0
0
0
0
0
0
0
0
0
0
0
0
0
0
0
0
0
0
0
0
0
0
0
0
0
0
0
0
0
0
0
0
0
0
0
0
0
0
0
0
0
0
0
0
0
0
0
0
0
0
0
0
0
0
0
0
0
0
0
0
0
0
0
0
0
0
0
0
0
0
0
0
0
0
0
0
0
0
0
0
0
0
0
0
0
0
0
0
0
0
0
0
0
0
0
0
0
0
0
0
0
0
0
0
0
0
0
0
0
0
0
0
0
0
0
0
0
0
0
0
0
0
0
0
0
0
0
0
0
0
0
0
0
0
0
0
0
0
0
0
0
0
0
0
0
0
0
0
0
0
0
0
0
0
0
0
0
0
0
0
0
0
0
0
0
0
0
0
0
0
0
0
0
0
0
0
0
0
0
0
0
0
0
0
0
0
0
0
0
0
0
0
0
0
0
0
0
0
0
0
0
0
0
0
0
0
0
0
0
0
0
0
0
0
0
0
0
0
0
0
0
0
0
0
0
0
0
0
0
0
0
0
0
0
0
0
0
0
0
0
0
0
0
0
0
0
0
0
0
0
0
0
0
0
0
0
0
0
0
0
0
0
0
0
0
0
0
0
0
0
0
0
0
0
0
0
0
0
0
0
0
0
0
0
0
0
0
0
0
0
0
0
0
0
0
0
0
0
0
0
0
0
0
0
0
0
0
0
0
0
0
0
0
0
0
0
0
0
0
0
0
0
0
0
0
0
0
0
0
0
0
0
0
0
0
0
0
0
0
0
0
0
0
0
0
0
0
0
0
0
0
0
0
0
0
0
0
0
0
0
0
0
0
0
0
0
0
0
0
0
0
0
0
0
0
0
0
0
0
0
0
0
0
0
0
0
0
0
0
0
0
0
0
0
0
0
0
0
0
0
0
0
0
0
0
0
0
0
0
0
0
0
0
0
0
0
0
0
0
0
0
0
0
0
0
0
0
0
0
0
0
0
0
0
0
0
0
0
0
0
0
0
0
0
0
0
0
0
0
0
0
0
0
0
0
0
0
0
0
0
0
0
0
0
0
0
0
0
0
0
0
0
0
0
0
0
0
0
0
0
0
0
0
0
0
0
0
0
0
0
0
0
0
0
0
0
0
0
0
0
0
0
0
0
0
0
0
0
0
0
0
0
0
0
0
0
0
0
0
0
0
0
0
0
0
0
0
0
0
0
0
0
0
0
0
0
0
0
0
0
0
0
0
0
0
0
0
0
0
0
0
0
0
0
0
0
0
0
0
0
0
0
0
0
0
0
0
0
0
0
0
0
0
0
0
0
0
0
0
0
0
0
0
0
0
0
0
0
0
0
0
0
0
0
0
0
0
0
0
0
0
0
0
0
0
0
0
0
0
0
0
0
0
0
0
0
0
0
0
0
0
0
0
0
0
0
0
0
0
0
0
0
0
0
0
0
0
0
0
0
0
0
0
0
0
0
0
0
0
0
0
0
0
0
0
0
0
0
0
0
0
0
0
0
0
0
0
0
0
0
0
0
0
0
0
0
0
0
0
0
0
0
0
0
0
0
0
0
0
0
0
0
0
0
0
0
0
0
0
0
0
0
0
0
0
0
0
0
0
0
0
0
0
0
0
0
0
0
0
0
0
0
0
0
0
0
0
0
0
0
0
0
0
0
0
0
0
0
0
0
0
0
0
0
0
0
0
0
0
0
0
0
0
0
0
0
0
0
0
0
0
0
0
0
Channel 1 Data:
1785
1384
2234
1692
1444
1865
1401
1820
1047
1249
1058
1326
897
559
1086
892
772
730
1275
2011
1367
1669
1162
1718
1801
1411
1935
1096
1185
2022
853
1633
1891
1293
1527
1373
1552
1509
1370
1680
1550
1169
975
1773
2247
934
1651
1404
1497
1374
1680
1478
664
1776
1425
896
752
457
1208
1887
839
1126
972
923
1283
558
1008
1358
1655
1208
1238
776
1700
2136
2478
1928
1063
1110
2216
2310
1332
1911
1579
1900
1067
1331
1267
1292
1215
729
1104
1497
1515
1677
1666
1080
1517
1103
1715
1731
667
1965
998
1015
1940
1097
827
1284
1722
1280
1757
1171
1035
1195
1612
462
1153
1672
1891
1129
933
1817
887
1076
916
2551
1378
1128
1196
903
751
1462
1913
1274
578
1585
718
1642
1111
1408
1616
932
457
1453
1190
1578
1605
1813
992
1388
984
1246
1514
903
1703
1392
1471
1060
1906
1746
1330
1405
1204
1524
1421
1242
755
584
1142
1700
1171
1725
619
1108
1432
1658
1577
1248
1262
1215
1494
1443
923
1350
1940
1203
1287
1412
1223
929
946
1207
1051
1595
717
2032
1808
1246
1126
1691
1184
1376
1222
1452
1129
1358
1719
1687
1032
1452
926
1518
1042
1616
1030
1651
1109
2147
1675
1662
1435
1414
783
1131
1605
1508
1782
843
1600
1602
1627
1699
1479
1561
1924
1613
1842
1643
1968
1531
1895
1115
1072
1848
1212
2081
1541
1787
1438
1910
1544
1408
854
2014
1749
1066
2148
1372
1697
887
1011
1183
1396
1959
1600
1621
837
958
1340
1863
729
1818
1085
1355
1454
1392
967
1392
1199
1907
1271
2149
1468
1566
1469
2108
824
1767
1446
1344
1178
1202
1475
1780
793
1372
1745
1958
940
1640
1468
1070
1164
957
1372
1034
1340
1603
1723
1525
1543
1230
1634
1712
1189
945
1682
1557
678
1018
911
1621
647
1600
798
1841
702
1929
645
1207
731
1053
1510
917
534
1900
1015
773
1253
1337
760
1697
826
1553
1222
1739
625
1118
844
1123
1185
1427
1571
1684
952
1271
1188
1650
530
935
1485
963
953
747
1082
1958
1555
1533
1341
1880
1047
1594
1576
1072
734
1804
1603
1364
1266
1754
940
720
1418
1589
1879
1263
1600
1849
1367
2066
1382
1496
1481
1666
515
1236
1405
888
1456
1444
1500
2193
1092
1688
1472
1193
943
1962
1386
1211
1311
913
1425
2097
320
1979
748
1838
1166
1387
862
1660
1241
565
568
1625
986
1495
732
1379
673
1681
1225
1844
1607
1886
1300
1586
933
923
1352
1270
983
1217
969
1875
1394
1137
1182
1835
1526
691
490
924
1295
1260
1250
581
968
1952
1301
2374
1419
2167
1379
1391
1273
1463
1132
1112
1383
1121
1341
1397
1289
875
1479
1198
1522
1016
1136
1272
1198
1394
1283
1541
1714
1598
1455
1289
477
1449
1323
1681
1249
1430
1088
1490
1111
1186
480
1554
1393
1061
967
721
668
1384
882
993
1041
1236
1150
1124
792
1374
1479
1846
710
1472
1296
1193
713
1257
1267
1348
1393
1373
1328
860
1436
1372
1346
1647
1786
1313
919
1322
726
1801
1055
1329
642
1227
1088
1077
646
1116
720
1103
890
759
1399
1194
455
450
928
903
1311
1117
407
1464
730
572
1133
703
769
1154
1032
1165
747
1211
1078
1549
667
870
1120
998
1515
976
968
610
1069
763
495
821
965
703
1152
2000
1264
1619
986
1037
769
1598
515
1275
1027
1266
902
1436
1183
1731
868
453
617
1248
698
1494
712
1519
1382
929
1309
724
1030
1184
1264
1039
1390
1182
1090
1857
867
1750
865
386
443
1146
1253
830
764
1378
1024
1328
1065
691
1015
1002
510
1639
667
874
794
2041
1079
1339
1348
1842
1235
960
756
1021
1888
482
363
681
906
1021
816
1979
452
1397
986
822
906
1351
931
1902
849
427
923
1327
910
1278
839
1529
1080
1489
743
1235
1003
1162
530
726
955
709
1042
1123
1184
1731
1118
1319
937
798
852
1244
883
1225
661
1599
835
1015
946
259
755
1229
886
920
944
961
756
488
823
699
510
1217
704
834
845
1035
1201
1053
851
1241
1212
742
740
1229
999
869
510
1278
804
1141
902
815
855
696
1027
990
744
564
1049
1462
946
920
1226
680
1385
765
775
965
1088
864
1004
1454
1090
907
784
888
462
1100
757
1290
897
606
1168
1233
1033
1219
1247
902
777
1083
818
1221
705
1135
866
1216
775
1312
916
880
1104
1269
755
1231
564
1009
1060
1119
742
876
955
969
559
1039
1317
816
824
1296
1268
1000
896
1675
982
1085
1240
1611
560
1231
826
1305
826
1109
892
914
592
888
587
1033
633
794
945
1201
855
1160
850
1172
1038
1059
813
1181
1281
1464
505
1018
1235
1123
950
1142
1033
932
1286
940
364
917
900
1332
807
1146
811
1150
727
1067
920
730
911
1120
1392
1180
790
1095
750
1121
1152
1026
872
886
1148
1312
731
1623
852
1080
931
1225
843
715
747
1362
1021
1235
1221
1279
1212
1140
957
1432
921
1711
1317
1772
1131
2042
1318
1555
1155
1389
935
904
644
48
651
1556
1098
380
850
2216
949
1959
972
1601
1050
1534
1162
1303
885
1759
1151
1326
1310
988
845
1858
781
948
926
1396
774
497
1077
1202
927
1033
865
1356
1017
719
740
1296
1024
701
1232
1752
549
1285
1172
1423
895
1654
1148
924
698
430
1282
760
1335
978
1186
315
863
1579
1004
1056
736
2034
1059
1483
1032
1709
675
893
872
1039
693
1371
816
920
569
1534
1193
1059
563
970
395
773
1193
1536
888
1346
828
687
1224
1337
1167
1791
965
327
1024
1287
372
1017
555
905
1174
1344
546
1368
1097
1000
745
862
1128
1890
1517
1589
729
2211
1017
1751
985
1744
1165
2377
979
1164
1486
1872
1184
1856
1068
56
1127
1568
936
898
1073
1592
1229
1300
432
1249
1356
1707
891
1177
1753
1991
1269
1357
1015
1648
1095
1181
1406
1660
1481
1430
993
1002
1885
1300
835
1196
1831
2380
1362
1784
1273
1174
1178
1929
1217
1232
1747
1646
1856
1775
1696
1727
2519
1675
500
2102
1421
1324
1218
400
1154
1474
1392
1970
1141
1097
897
1267
1502
1349
1414
1858
1825
1695
1146
1352
1955
1958
1082
1420
1316
2471
1243
1713
975
1855
1501
2547
2008
2624
1627
1856
1462
899
1862
1575
1119
2620
1531
1587
357
1068
1412
1652
1280
1763
2287
1307
2057
1939
1853
1380
1993
1796
154
2276
1978
1925
2235
1633
1100
2450
2073
1649
1115
2053
880
1191
950
2852
1420
1975
1358
946
1904
1306
1804
1502
1284
1850
1359
2082
926
1614
2535
2298
1268
1427
2029
1696
1379
2136
1322
1646
1191
1320
1981
2235
1457
1782
779
1424
1767
1922
2200
2545
1405
1653
1835
2264
1462
1741
1558
1102
946
1351
1632
1538
2071
1689
2032
2195
1453
1723
1856
1931
1300
1815
1048
971
1577
1573
1104
1404
1767
1904
1927
1514
1183
2190
1305
2710
1978
1636
1911
1999
1442
2353
1507
1546
1440
2348
875
1635
1477
1501
1568
2134
1905
1073
1334
1143
1849
1155
1654
2060
1747
2181
1670
2196
1447
1767
2005
2015
1347
2187
2006
1584
1396
1399
1835
1539
1387
1908
1705
2294
1269
2130
919
1851
1666
1560
1105
2352
1445
1612
1807
2167
880
1427
1490
1717
2155
1287
2057
2716
1909
1927
1787
1949
1668
1927
1072
2266
1219
1700
2848
2293
2516
2060
2092
2089
2473
1766
1818
1949
1553
1136
1271
1425
1340
1091
1760
996
1867
2324
1826
1933
1207
2051
1714
1471
1867
1675
1609
1313
2644
1628
2091
1660
2055
2002
2044
1654
1289
1784
1500
1844
1970
1509
1980
629
1601
2119
1568
2632
1369
2448
1474
1245
2494
1118
1175
1991
1961
1718
2601
1538
2389
1768
654
1519
826
1952
1450
1762
1839
1277
1229
2260
1848
1485
2011
1506
2442
1480
1786
2288
1873
1582
1792
1941
1679
1636
1775
1536
1832
1500
1408
2277
1007
1877
1173
1383
1247
1485
1762
1587
1347
1858
2195
1345
1890
1312
1663
2353
1623
2262
1577
2935
1728
1696
1709
1271
2354
2332
2022
1721
1474
1861
1928
1986
1474
1706
2434
1612
896
2296
2696
1272
1622
2137
1734
2035
1864
1950
1440
1357
1757
904
2008
1281
1716
2376
2398
1616
1604
2272
2105
1806
2208
1810
1875
1976
1726
1990
1770
2438
1472
1778
1282
2350
1432
1214
1537
2164
1890
1823
1819
1156
1040
1111
2084
780
1323
1766
1951
2033
1558
1840
1533
1934
1344
1240
1525
1689
1495
1166
2147
1470
2374
1778
1938
1673
1200
1694
1151
1484
815
1245
2317
1395
1467
2062
1659
1727
1693
1386
1241
1039
1032
1516
1303
1408
1787
1203
2371
1561
1250
931
2369
1132
1971
1184
1610
1231
1088
1088
1640
1356
1883
744
1532
2370
1141
1981
2481
1908
1307
1867
715
1176
1200
1359
912
708
1126
1807
2116
892
1388
1451
867
971
905
1776
1379
1356
1856
1963
1791
2048
1155
2101
1346
1837
1251
1961
1459
1195
1211
921
1527
1304
1137
867
1132
1083
976
1355
1497
533
1051
1534
939
1351
1356
1836
1401
1481
1893
510
1287
1163
1350
1332
813
638
644
1739
1060
1892
1462
582
1311
1076
950
975
785
1004
908
1664
942
1223
1734
948
1478
1277
493
1163
1723
1043
987
1063
597
1255
1531
1324
640
1471
1101
745
933
644
1520
1109
1179
515
1075
1600
1265
1155
866
1425
1794
1099
1269
688
1831
341
1022
1050
1566
632
1616
1447
1140
810
1590
447
1168
1489
702
691
1458
867
935
1516
1146
674
1684
853
1692
1116
1040
1114
1219
544
1518
1024
1370
1168
1286
1061
900
722
553
1354
1163
739
1336
621
1033
975
1253
755
1473
727
1137
495
1012
1118
1292
425
893
1102
1636
594
1282
688
523
1537
1204
455
1163
808
1617
758
1316
859
1688
1187
664
1123
1165
708
788
680
766
1515
1707
1109
337
778
1371
962
589
257
873
1062
903
676
1095
920
1473
480
836
1400
1101
1139
1572
1380
641
1042
510
1412
1259
1296
1197
827
829
812
1035
1136
873
789
1034
923
1249
381
1262
475
1419
1161
1153
1042
1152
1410
694
481
488
868
1271
671
162
1094
617
1054
1163
1239
1047
685
1113
884
924
1148
966
741
1288
679
1736
901
895
306
1600
1221
963
669
966
424
519
1515
1728
738
558
629
1136
1019
810
848
1277
826
803
1374
1532
678
1724
979
1048
901
1036
1412
812
813
1499
1156
1440
741
1051
1240
1288
688
309
999
987
1086
1021
1172
1646
1465
821
734
1363
1444
1068
1048
1058
807
797
1642
1309
283
1603
1092
1069
641
959
935
1316
821
882
1124
1360
786
1595
765
899
1004
1578
803
1185
867
1458
1337
1387
1248
955
916
1199
1096
1224
1050
659
970
1214
865
1018
1320
1135
631
969
1247
1558
812
1428
1054
1075
1333
641
1067
1085
1089
1031
735
1094
1052
1085
354
1579
1177
1223
916
869
918
1262
727
1045
1348
1103
1148
1404
1046
1229
759
845
681
1016
855
1149
1181
1398
745
253
1030
1286
983
268
1025
865
1220
621
1046
856
843
728
895
1193
1280
1050
1175
1023
852
839
1024
807
1277
1124
927
1226
889
1212
809
1134
901
898
816
1232
952
1051
1035
1218
1050
1648
653
1294
998
1285
1192
1074
947
1132
927
1377
905
1427
917
1170
881
1469
656
1170
1170
1556
1050
1266
1131
1363
1065
1105
834
1335
858
1261
996
1712
1226
1203
1062
1017
1198
1060
1175
950
524
999
1273
1565
723
1517
1444
1192
1481
1197
1012
1187
1285
1097
1218
1662
1052
1295
1281
1440
1026
1735
921
1320
1131
1458
1168
1845
1128
1229
1294
1463
1144
1474
963
1343
1328
1020
1208
1413
1175
1326
1190
1043
1533
1924
1271
1340
1081
1753
1344
1109
671
996
1053
1632
1244
1831
1010
1799
1143
1505
1398
939
1439
1622
1405
1455
1526
1330
1239
1520
1358
1194
1104
1315
1233
1611
1404
1888
1267
1118
1417
216
1358
1643
1238
2015
1033
2017
1395
1440
1463
1188
1279
1608
710
1963
1387
1398
1108
1512
1232
1719
1509
1645
1342
1073
1543
1611
1374
1543
1342
1351
1482
1501
1105
2258
1365
1905
1678
1846
1342
1669
1367
1456
1532
2167
1342
1516
1141
2484
1466
1515
1413
1193
1142
1140
1440
1352
1486
1665
1299
1740
1327
1953
1283
2210
1458
2787
1353
2098
1561
1983
1448
1407
1497
1270
1167
2442
1550
2362
1172
2297
1986
2245
1164
1502
1637
1806
1954
2479
1464
2253
2217
1546
2081
1877
1566
2519
1362
1248
1608
1712
2105
1584
2160
2184
1468
1972
1057
2104
1940
2270
1528
1346
1610
1773
1874
1589
1419
2470
1044
1497
2421
2480
1368
1399
1935
1390
896
1652
1547
851
1666
1802
1722
1339
2069
1693
1452
1387
2120
2043
1366
1683
2469
1244
866
1945
1793
2614
1776
2344
1633
1798
1470
2014
1733
1918
1734
1372
2167
625
1696
1952
1880
2144
1715
2419
1804
2058
1609
1368
1441
1813
1497
2306
1270
1776
1418
1910
818
1673
1092
2350
2226
2593
1856
2013
2000
2165
1956
1915
2006
2528
2211
2119
1822
2688
1632
1607
1792
2440
1963
1721
1957
1633
1328
1614
2249
1470
2595
1664
2199
2176
1357
1301
1996
1983
1564
1233
1784
1731
2072
1321
1437
2404
2157
1145
1480
2337
1925
1014
1736
2042
1979
2458
1684
1320
1451
1605
2110
2436
2625
2062
2611
2095
2031
1249
1787
1475
1150
3015
1738
1561
1819
2687
1988
1749
2436
829
1403
1019
2016
1904
1608
1599
2171
1541
751
1948
2080
1590
2582
2700
1357
1448
1746
1424
1718
2386
1207
1807
2247
2027
2269
1569
1399
2161
1437
2010
1316
2195
1822
1559
1902
2438
2201
2301
1679
1885
1377
1909
1156
2354
2020
1891
638
1349
865
1531
2471
1642
1164
1355
1881
2001
1720
2123
1773
1660
1001
2690
2241
3062
1580
2737
2154
834
1643
1925
1838
1171
1154
1024
1591
762
2047
869
1776
1447
1101
1103
2078
2467
3067
1294
2010
2102
2060
1227
2106
1707
2242
2403
1601
2066
1740
2273
1200
1652
1598
1632
1743
1687
2259
1236
1681
1448
1680
1653
2381
1205
1984
1664
1221
1408
1340
1596
2615
1877
1267
2224
1040
2422
1572
1799
1508
1597
1163
1173
1703
1947
2004
1641
1847
1878
1679
2028
1954
1550
892
2064
1794
2024
1434
1782
1840
1150
956
748
959
2529
722
522
1336
1636
1254
1678
1285
1148
1823
1954
1277
1892
2304
1867
1755
1412
2038
1462
1518
2171
1695
1930
1915
1511
1107
1264
1486
1696
1773
1434
940
1798
2051
1793
1466
1296
2020
2160
1424
573
1107
960
2154
1491
1471
1118
1684
1742
950
989
1090
1462
1350
926
1110
2119
1246
1173
1301
1329
1698
1187
961
1233
1077
1266
1473
1472
1522
1290
1206
801
2266
1024
1172
1233
1440
1288
1046
1286
972
767
1228
1655
1827
1002
1276
1785
1105
807
1141
1299
1434
1052
986
1107
1473
903
819
1565
841
1579
1937
1756
1317
2008
552
866
1201
1422
1351
1327
1296
1392
1435
842
1664
1281
1344
1145
1309
1056
1386
1152
1506
1106
1042
576
1043
650
949
1482
959
721
1630
548
1497
1259
1277
1331
1002
383
666
1319
583
1494
1135
1407
1110
871
1066
1171
1564
1224
1042
1091
1831
1259
1156
923
1507
1522
1284
1345
1209
256
1075
960
1796
1209
1028
1291
939
926
746
902
1596
1098
1081
1336
1669
470
1403
1305
1344
1978
1324
996
992
1461
936
795
1291
1216
1120
1184
1142
988
1236
1126
1368
1364
714
923
1176
1374
1047
644
1079
861
871
413
887
1680
900
679
1063
715
1538
1272
1020
703
1390
929
1495
747
1405
1012
1400
1429
1432
1737
875
618
1126
1211
827
992
1341
794
999
1643
1521
740
1659
851
1371
930
1682
478
1141
725
1094
920
569
1207
788
771
894
1377
1172
840
767
777
1782
904
626
431
922
1008
1089
1122
883
619
387
720
1541
926
1253
984
1507
898
1282
961
1520
713
956
870
846
1121
777
658
1924
778
1149
1070
665
1228
1353
558
414
596
1213
1524
1579
1212
989
1269
1158
926
914
766
860
552
990
861
778
794
891
900
730
1235
565
1342
670
695
868
948
1653
772
1346
1091
965
1044
1451
968
1078
1081
744
1349
705
969
897
973
894
1057
1282
642
1497
1014
645
844
1486
840
1045
916
1201
1237
1284
1100
797
1131
460
757
921
719
1148
925
971
1065
1099
1098
1397
1293
1275
949
992
1044
1250
575
501
643
918
1416
1245
1190
766
975
1117
441
1168
1134
1248
1099
1500
1305
1245
562
871
1070
642
461
868
762
817
1072
1016
698
1028
1086
1259
850
1439
991
1222
778
882
709
1478
880
1647
896
1345
544
907
979
902
1063
1160
640
1312
1002
1518
901
1186
769
1238
1115
1484
744
984
1039
1186
841
768
1224
1451
592
976
921
1013
872
1115
814
697
1050
824
1056
1247
917
1607
1502
1301
808
1166
1144
1290
1028
1483
1336
1614
1047
1172
1344
1068
1420
1403
1526
996
1255
1415
859
790
953
1300
1086
1613
941
990
930
1067
987
1102
1386
1083
1076
1335
1127
1397
1587
645
959
1005
1021
1555
1144
725
1120
1067
967
1363
743
1520
1006
1032
1123
1638
1055
1289
1007
1268
781
1398
1554
1695
852
1080
583
1382
976
836
603
1296
808
929
1067
1967
1448
1350
1124
925
1054
1481
1040
1717
751
2128
556
1192
1280
737
971
1010
1174
1307
1205
1921
992
2177
1221
1444
814
1771
864
903
1525
1213
1086
1732
1335
1056
1283
1977
1090
668
1253
1847
1295
1596
1211
1316
1112
1910
919
1584
1448
1159
1089
1775
1225
1554
1427
1362
1272
1758
1466
1858
1311
1840
1412
906
1398
1711
809
1972
1671
1516
1523
1523
1280
1474
1728
1082
1360
2232
1568
1697
1472
1864
1234
1580
1339
1570
1765
1413
1240
966
1662
1588
1764
2332
1418
2233
1597
1351
1411
1850
1377
1561
1324
1683
1489
2806
1634
1475
1106
1701
1216
1316
1575
2395
1390
1410
1430
1678
1908
2249
1600
1622
1287
2080
1871
1457
1438
1779
1720
1251
1511
1664
1707
1462
1954
2148
2120
1852
1335
2409
955
1704
1570
2237
1044
1855
2069
1499
2448
1500
1236
1989
1102
1440
1000
1401
1436
1502
1257
1868
1691
1667
1657
1756
1738
1380
1426
2310
1255
1467
1449
2191
1805
1626
1588
1987
1917
1893
1648
2241
1719
2489
1223
2475
1687
2001
2670
2411
1903
1472
1684
1700
983
1693
1045
1722
1400
1006
1678
890
1345
2494
969
1646
1152
996
1914
1694
1197
2410
2563
2674
2004
1850
1192
1911
1839
1948
1926
1980
1402
1515
1296
1808
960
2268
1568
2320
2233
1880
1439
1559
1482
1603
1350
2249
1367
1631
2338
2376
1924
2082
1360
1753
1197
2172
1438
1484
2154
2235
1988
2293
1772
1711
1147
1864
1901
1538
2397
1377
1587
1975
2379
1909
2666
2009
1257
1685
2041
715
1568
1666
1655
925
1978
1908
1745
1315
1396
2287
1607
1798
485
1362
1170
1710
1666
2039
2100
1182
2059
1876
1716
1949
1557
2308
1168
2358
1954
2928
1369
2254
1729
1552
1656
2109
1111
1738
1153
1545
1582
1674
1448
908
2207
1601
1723
2378
1706
2204
2098
1859
1867
2052
1256
1911
1638
1228
1667
1371
1768
1842
1378
1927
1397
1003
1898
1826
2561
2015
1426
1887
1416
749
2128
1952
3005
1205
2546
2156
164
1631
1867
2068
1932
1677
965
2014
2013
2067
1125
1298
1177
993
2328
1226
1648
2397
1516
1964
1759
2192
1341
2524
1090
1483
1157
1165
2192
2308
2245
1087
1998
2127
1253
2211
1069
1986
1968
1981
1793
1663
1699
2318
1061
1573
1374
1403
1814
2194
1773
2208
1725
1623
1757
2424
2565
1248
1354
1030
1669
1221
1158
2219
2978
1706
1326
1903
2160
1312
1313
1135
2583
1822
2002
2213
1998
1710
1944
1973
1526
1624
1789
1473
2076
1616
219
1072
860
1432
1830
1726
1461
1373
1658
1550
1305
1082
2382
1533
1989
1140
1521
1893
2023
1339
1651
887
1980
1315
1040
1132
1191
2300
1914
370
709
758
1182
1288
1864
741
1280
1438
1412
1923
1746
1968
1980
1011
1295
1194
1620
1264
2183
1507
2077
1303
1165
628
1323
2072
1506
663
865
1267
1765
926
1413
1318
1122
1701
988
1774
2106
1128
1738
1501
891
1136
1284
713
1576
1255
759
1642
1148
2124
1555
1205
1373
1666
1699
1392
1737
2164
1468
1745
919
2446
822
1712
1078
1772
1159
1051
1372
1393
1803
905
1613
758
547
1054
1390
1899
1045
1417
744
1978
1185
1325
1134
1862
1163
941
1874
1877
1177
1555
1210
1016
727
1059
1334
1164
1691
1631
1524
1191
1123
593
1456
1515
1675
1436
995
1258
1237
1380
961
1488
1430
1623
1446
779
1541
1195
1296
1262
949
1536
1294
789
1323
926
1006
827
892
1150
956
1405
1465
1074
1264
1420
1598
752
686
1623
1119
2128
1596
1163
1800
1466
1006
872
1682
1379
1413
512
1340
1222
1438
1255
1326
1030
639
772
990
877
1656
778
1923
945
1011
877
1668
998
1683
573
1674
561
1348
1588
1415
1022
744
921
1156
1694
1296
1087
1815
960
1462
1768
985
791
1072
923
788
806
1275
542
828
1652
1798
869
779
440
1477
957
1414
981
1474
1931
1096
1086
1018
809
1607
1079
1628
1038
1174
649
980
1285
1386
1182
1243
764
926
666
1010
962
1178
1199
959
1162
816
1058
1188
1168
1609
1423
998
813
959
960
1306
994
1289
1058
1042
836
1101
1176
1107
946
395
525
1136
1143
975
1244
1051
1048
1515
1421
1128
855
1336
1153
675
772
1260
1448
908
1598
1113
494
535
1286
673
1581
651
1383
831
849
1148
1545
1769
546
772
1098
1680
1116
1306
1087
1017
657
1151
771
1173
482
830
489
1472
876
554
296
680
715
1740
1185
1070
1396
514
975
972
1104
1190
1061
1397
1027
895
1364
1509
1089
1837
1431
509
700
1169
728
1241
475
1214
717
1249
874
1032
793
911
850
1715
1129
756
563
1715
888
1489
1033
1119
902
1275
1351
1870
610
1438
1312
1859
923
1722
1129
1077
994
836
716
324
472
1117
653
441
1090
1823
1206
820
674
924
1030
840
1603
1472
873
1136
1024
942
825
1820
1682
757
973
514
1090
1480
1155
1525
1272
1344
618
773
821
1027
1168
1531
704
1444
800
1612
1241
1519
951
1477
462
958
601
1347
867
1321
1060
880
1242
946
1257
1283
1063
856
1321
1127
1650
1110
1208
1520
1261
1752
681
2040
1209
1759
885
1038
850
844
1009
1696
895
1473
1090
1267
960
1494
1203
827
958
1031
997
1729
1034
1331
1184
609
1269
821
1233
1035
1108
1710
924
1135
1232
1875
823
736
1314
1148
1007
1257
860
1357
1113
1206
1048
1688
956
1017
1298
1048
982
1806
1594
985
911
1531
892
1880
804
1540
1469
805
980
1415
784
1053
954
1115
1185
1103
738
960
751
1474
709
1645
1202
1559
1100
934
1328
1117
1202
1349
772
1297
1407
1252
1211
1362
986
1902
1199
905
1194
1849
1019
1158
1175
1533
938
1144
834
1336
1201
1304
1047
1108
1475
1361
1578
1290
1145
1195
1377
1447
1376
1282
1129
1141
1109
1283
1134
1905
931
2001
1283
1162
1256
1364
1323
1177
1229
1495
1685
1421
1431
1199
1267
1449
1147
1522
933
1528
1833
1640
1281
1347
1185
1760
1808
1364
1336
1688
1473
1301
1558
955
1429
1611
1736
1760
1499
1195
1492
1569
1530
1803
1830
1576
1155
1806
1366
1634
956
1762
1605
1724
1322
1609
1483
1606
1257
1691
1523
1576
767
1527
1340
1455
1318
1888
1368
1405
1458
1763
1319
1693
1130
1712
1424
1635
1301
1847
1416
1773
1986
1968
1295
1188
1424
1997
1456
1738
1361
1833
1688
1259
1204
1730
1583
2177
1198
1518
1503
1319
1385
1508
1552
2077
1826
1563
1467
2092
2014
1261
1474
1712
1763
2187
1879
1530
1430
1694
1563
2388
1531
1673
1224
2495
1698
1641
1386
1657
1433
765
1456
2001
1687
2728
1526
1963
1505
1985
1357
1515
1600
2489
1241
2027
1571
2011
1196
1514
1379
1209
1362
1768
2012
2067
1284
2611
1732
1636
1536
2235
1630
2095
1965
2361
1487
2375
1403
2000
1709
1854
1327
1170
1931
1752
1494
2757
1707
1941
1408
1815
1748
1708
1481
1999
1644
1344
1279
1738
1903
2110
2122
2650
1510
2780
1974
1763
1597
1270
1624
1389
1265
2208
1420
2207
1606
2216
1568
2122
1876
1644
2170
2144
1958
1500
1571
1623
1737
2008
1970
2445
1185
1805
1570
2036
2285
1750
1768
930
1878
1083
1632
1732
1466
2170
1715
2864
1454
2183
1904
2402
1940
1540
1539
2568
1834
2054
1712
2005
1099
1652
1356
1520
2123
2048
1994
1645
1178
1396
1358
2452
2259
1156
2280
2148
2021
2018
2077
1999
1997
2547
2034
2604
1987
2257
983
1764
1345
1639
1843
1646
1624
2196
1141
2227
1668
1526
1481
2198
1514
3232
1759
2970
1804
2640
1124
980
1888
2107
2058
2663
2382
1757
1640
1914
2604
1677
1043
2048
2664
1808
1351
1549
2366
1857
2148
1712
2290
1296
1450
2336
1627
1962
1106
2407
1182
2083
1871
2216
1553
1679
2012
1762
2507
1138
1309
1298
1924
2550
2474
1933
2130
2273
1588
2068
1433
2197
2323
2665
1815
2138
2096
2985
1634
2053
1312
1997
1852
1443
1227
2345
1737
1158
1141
1131
897
1757
1610
1984
1794
3031
2482
1806
1218
2514
2935
1618
1657
2086
2431
2097
1958
1137
1628
1675
1684
438
2310
1120
1680
3310
1600
1707
1419
2560
1858
2288
1517
2293
2069
2176
2392
2482
2339
2058
2097
1705
548
1794
1814
1915
798
1092
1267
1878
977
2201
928
2075
2036
1272
2024
2185
1920
2520
1789
2306
1891
2844
1088
1924
1628
1766
1701
1684
1242
1189
2701
1559
1040
1737
1941
2092
2110
2004
2168
1760
1321
2026
2144
2486
1320
2246
2169
1267
1711
2237
1667
2642
2060
2004
1800
928
2421
1466
1173
1566
1734
1391
1144
2083
1395
1998
2361
1653
2401
1034
1283
1884
2138
1325
740
1923
1503
1647
2251
1811
716
1696
1902
1199
2115
1442
1531
1117
1133
1306
2158
1818
1489
1870
775
2025
2269
1511
1545
2033
2147
1596
1722
1309
1148
1767
1653
1461
2198
732
1391
1398
1546
1532
1913
985
1640
1614
1188
1982
1532
1106
1815
1882
1115
1735
1515
1683
1404
836
1744
2088
1008
1732
1115
1208
1261
1580
2440
759
1193
937
1689
993
1750
1666
1376
777
1579
2791
1099
1119
1367
1712
916
1399
1487
644
2194
590
1187
1140
731
1877
1037
790
985
1263
1488
1227
598
1241
1204
966
969
571
678
1532
1285
1272
926
1361
1536
1569
1218
1076
1257
664
1287
920
1409
2147
1711
1320
1299
1278
1268
1316
1437
826
1524
1644
978
630
847
1554
1639
1352
1600
1056
782
1275
1229
688
1889
1407
1505
1134
891
528
1654
408
976
843
1343
1662
1983
699
1218
883
1542
1306
1528
1537
1335
1022
1036
424
1309
1755
1480
1059
1188
1215
1234
723
865
96
1320
1219
1330
1556
1426
874
1866
1336
1576
1159
1452
1117
2438
1171
1071
939
1084
1787
1378
1674
1228
1580
1648
764
1457
1419
1576
623
1036
1217
824
1107
890
1227
1203
467
1935
1970
993
976
1682
713
924
1005
1391
629
902
1169
1389
1651
1291
1787
1261
649
1848
1266
1580
1661
670
946
1483
624
1229
1267
1188
957
1223
960
1533
1000
1789
1244
722
1298
1139
1201
906
1183
707
1533
1001
715
1147
993
1416
705
1126
1816
963
1218
1402
1518
1046
771
1299
714
1352
1122
1203
1632
1778
700
1013
1233
1559
1039
1192
1156
809
1159
1007
783
637
708
1204
1007
865
1615
1350
1113
1065
1004
1480
1066
1031
1069
1566
729
1341
1129
1003
1344
313
1499
1037
1373
1305
1534
1188
1436
1418
1037
371
1537
865
464
1805
841
1169
808
1275
1212
1113
752
876
1029
1006
1179
698
1076
419
413
1648
931
1033
824
1669
1203
1609
994
1360
1070
1142
661
1693
889
1213
1241
1119
800
1804
1088
1491
651
1436
759
973
1256
1412
1104
936
1612
1332
1384
768
999
1570
1257
1153
735
446
1073
1507
1432
1212
1104
839
321
1430
1639
1230
638
1565
1216
1057
1565
975
887
1775
1146
942
1052
1354
1682
1842
1114
821
903
1218
832
1331
1616
1981
1194
1080
1218
1434
964
1448
1237
793
765
654
789
846
1426
1831
967
613
1154
1280
809
1197
917
510
1290
1140
811
1013
1205
1317
567
969
1054
1312
1070
553
212
1616
705
999
1273
1725
763
1228
1634
686
328
1475
1037
1274
977
1587
662
1222
526
756
1386
1169
959
1570
1225
967
857
1813
414
495
1135
1427
600
1118
1285
1629
995
1283
1265
1352
1307
1177
1081
552
1527
912
871
1110
1124
1288
659
1492
1237
1194
990
2077
795
945
895
1414
1306
1166
1005
730
1085
1371
1131
1479
1402
912
875
982
1079
1427
1290
545
1250
1731
1548
1731
1216
906
1276
659
1307
1099
1197
1419
1210
1113
984
1100
828
1282
1598
1465
916
1419
904
1219
1256
1434
1402
1030
1569
1119
1120
1367
1232
2508
1051
1461
1470
1322
1318
928
1669
886
1435
1014
1310
1268
1357
1578
1198
1389
998
1431
1541
1546
1158
1204
1112
1572
1568
1883
1405
1599
1150
965
1446
1247
1543
1650
1507
1525
1140
1289
1218
1358
1611
1426
1723
1579
937
1310
1540
1206
1340
1322
1022
1647
1468
1803
874
1901
1480
1451
1562
1560
1545
1728
1278
1115
1219
1531
1304
1198
1250
1083
1138
1302
1480
1577
1603
1541
1723
1186
1479
1444
1351
1305
1710
1494
1514
2109
1320
1701
1559
1375
1269
1389
1588
1302
966
1632
1584
1798
1246
1756
1267
1817
1548
1285
1422
1561
1737
1651
1434
1669
1325
1850
1469
1617
1371
1557
1344
1422
1582
1544
1264
1595
1467
1368
1358
1847
1574
1615
1244
1619
1365
2052
1532
1735
1697
1961
1386
1771
1519
1657
1532
1787
1517
2065
1610
1759
1851
1345
1572
1839
1288
2404
1395
2004
1654
1180
1630
2603
1633
1730
1681
2114
1455
2796
1576
1966
1654
1610
1266
2464
1243
1845
1753
1816
1514
1531
1488
1544
1299
1374
1841
2370
1288
2390
1825
2752
1648
1725
1446
758
1591
2101
1408
2381
1258
1572
1806
1530
1146
1213
1707
2860
1106
2025
1711
2696
1787
2115
1543
1966
1621
2119
1504
1255
1655
1748
1429
1592
1849
2572
1589
1617
1668
1617
1713
1608
1472
2286
1653
2066
1738
1812
2068
1246
1956
2097
1408
2023
1732
2365
1834
1995
1700
1783
1436
2664
1411
2065
1376
2003
1603
1849
1697
2954
2052
1749
1496
2014
1586
2340
1808
2331
1945
1584
1827
1808
1815
2999
1638
2317
1364
2443
1517
2718
1332
1895
1770
1399
1714
2567
1439
1618
1394
2340
1526
2376
1280
2940
1831
2055
1613
3018
1814
3182
1749
2368
2000
1429
1812
1645
1705
2521
1300
2556
769
1735
1817
1726
1776
1853
1771
2933
1913
965
1719
2275
1961
1408
1389
2199
2092
2597
1294
2304
1303
2530
178
2219
1878
2395
2231
2508
525
2305
2026
2403
2072
1688
1931
2110
2176
2230
1736
3288
1145
2112
2096
452
1163
2376
2276
1391
1799
2276
1810
1365
2008
1308
1596
2464
2188
2219
1537
1521
1752
2519
1390
1947
2131
1692
2425
1209
1616
1624
1611
2040
1934
3041
1727
1934
1456
1816
2267
1987
1755
1137
1586
1806
2017
2685
3156
2242
2540
1808
1395
2354
3427
2088
1702
2266
1934
2266
2340
2254
1470
2903
1796
2204
1774
1763
2073
2883
1621
1291
1896
1608
1448
1336
1881
2664
1649
2578
2409
1688
1719
1887
1418
2716
1274
1365
2366
1595
1281
1455
1671
2403
944
1815
1866
2018
1238
2533
2155
1951
1390
2650
2618
2187
2002
2423
2026
1423
1117
2577
742
1866
1649
2245
2295
1528
324
1929
1484
2858
1738
1422
1276
1086
1923
1678
1843
596
1963
2351
1928
1930
1218
2791
1884
2619
1828
1393
2027
1587
1631
2153
1410
1784
1537
2395
1929
2162
2013
2610
1184
2670
2883
1462
1246
2224
2746
1790
2440
1408
1798
1565
1609
2647
1771
1367
2727
1948
2187
1021
1551
2052
1789
1885
1470
1829
1625
2545
1862
1940
1748
1661
2898
1059
1971
2354
1506
1398
1239
1871
1626
2284
1436
2098
1519
1401
1857
1447
2042
1991
1620
1249
1881
976
1841
1174
2020
2189
2487
2120
1786
2664
2086
1719
2267
2122
1463
1528
1298
1330
1622
1776
1921
1963
1871
2003
1423
1937
1654
2262
1918
717
1500
2282
1135
688
1358
2056
2794
1083
1749
1268
1727
1386
1939
1200
1278
1870
1956
1385
1928
1447
1908
2299
1610
1941
2156
1762
1252
1760
2362
1674
2077
2395
1143
2017
1157
2098
1847
2168
1571
1545
1704
1659
1704
1958
1826
2092
1664
1446
2169
1740
1684
1444
1783
1340
1584
1422
1751
1744
1925
1566
1812
1934
1741
1842
2252
1681
1909
2168
1612
1935
1107
1509
1773
2037
1536
1695
2133
2109
1880
1956
2077
2090
2545
1704
1673
2255
2304
1716
1695
1810
1527
1376
1474
1941
1396
1737
1885
1820
1715
894
2222
1695
1326
1150
2418
1741
2090
2123
2134
1424
1430
2013
1991
1978
1849
2337
2408
1684
1630
2133
1440
1564
1625
1523
1472
1727
1686
1510
1283
1191
1101
1719
1474
1370
1233
1319
1665
1745
1309
1503
2104
1820
1035
1065
1757
2026
1643
1813
2208
1329
1902
1256
1434
1528
1418
1850
2101
1544
1793
2217
2048
1256
1726
1818
1633
1159
1188
1554
1866
1675
1830
1848
1690
1723
1915
1631
1422
1748
1755
1346
1280
1592
1677
1740
1648
1157
2034
2128
2182
1591
1839
2188
1961
2448
1383
1710
1243
1620
1506
1575
1228
1271
2210
1606
1847
1619
2417
1932
1588
2004
1443
1874
1226
1534
1898
1827
2227
1745
1625
1433
1827
2100
1774
1371
1516
1928
1819
1614
1850
1591
1438
2105
1808
1077
1989
1523
1603
2059
1177
1237
2119
2144
1286
1528
2158
1096
1651
1489
1964
1765
1692
1560
1263
1992
1879
1707
1724
1882
1503
1131
1675
1939
1753
812
1633
1515
2338
1573
2357
1461
1457
1794
1667
1898
2023
1724
1691
1345
1696
1710
1687
1599
1865
1190
1504
915
1866
1598
1570
1333
1679
1367
1317
1794
1918
1688
1837
1264
2234
1764
