Starting data capturing
Starting data capturing
Channel 0 Data:
0
0
0
0
0
0
0
0
0
0
0
0
0
0
0
0
0
0
0
0
0
0
0
0
0
0
0
0
0
0
0
0
0
0
0
0
0
0
0
0
0
0
0
0
0
0
0
0
0
0
0
0
0
0
0
0
0
0
0
0
0
0
0
0
0
0
0
0
0
0
0
0
0
0
0
0
0
0
0
0
0
0
0
0
0
0
0
0
0
0
0
0
0
0
0
0
0
0
0
0
0
0
0
0
0
0
0
0
0
0
0
0
0
0
0
0
0
0
0
0
0
0
0
0
0
0
0
0
0
0
0
0
0
0
0
0
0
0
0
0
0
0
0
0
0
0
0
0
0
0
0
0
0
0
0
0
0
0
0
0
0
0
0
0
0
0
0
0
0
0
0
0
0
0
0
0
0
0
0
0
0
0
0
0
0
0
0
0
0
0
0
0
0
0
0
0
0
0
0
0
0
0
0
0
0
0
0
0
0
0
0
0
0
0
0
0
0
0
0
0
0
0
0
0
0
0
0
0
0
0
0
0
0
0
0
0
0
0
0
0
0
0
0
0
0
0
0
0
0
0
0
0
0
0
0
0
0
0
0
0
0
0
0
0
0
0
0
0
0
0
0
0
0
0
0
0
0
0
0
0
0
0
0
0
0
0
0
0
0
0
0
0
0
0
0
0
0
0
0
0
0
0
0
0
0
0
0
0
0
0
0
0
0
0
0
0
0
0
0
0
0
0
0
0
0
0
0
0
0
0
0
0
0
0
0
0
0
0
0
0
0
0
0
0
0
0
0
0
0
0
0
0
0
0
0
0
0
0
0
0
0
0
0
0
0
0
0
0
0
0
0
0
0
0
0
0
0
0
0
0
0
0
0
0
0
0
0
0
0
0
0
0
0
0
0
0
0
0
0
0
0
0
0
0
0
0
0
0
0
0
0
0
0
0
0
0
0
0
0
0
0
0
0
0
0
0
0
0
0
0
0
0
0
0
0
0
0
0
0
0
0
0
0
0
0
0
0
0
0
0
0
0
0
0
0
0
0
0
0
0
0
0
0
0
0
0
0
0
0
0
0
0
0
0
0
0
0
0
0
0
0
0
0
0
0
0
0
0
0
0
0
0
0
0
0
0
0
0
0
0
0
0
68
150
252
364
439
505
562
572
697
714
780
822
833
875
895
884
897
889
927
930
923
924
948
975
934
941
984
978
992
951
1007
1007
1010
939
965
1027
1032
972
1032
982
966
980
977
948
955
985
990
998
942
954
937
927
938
955
903
908
896
917
942
894
925
935
872
832
901
866
863
886
895
829
885
837
872
830
849
821
797
826
866
813
811
840
842
807
790
845
868
843
783
815
837
826
851
845
828
816
838
857
864
837
833
821
825
861
825
835
855
811
867
802
869
830
780
780
799
774
758
779
747
712
699
753
731
757
660
684
776
721
728
708
690
738
786
730
735
728
757
712
728
733
704
663
736
724
723
711
709
696
668
666
696
685
680
696
701
706
702
697
735
698
778
729
712
699
714
695
654
705
667
668
644
721
718
679
653
698
687
630
612
612
635
648
634
597
618
657
582
601
548
640
619
579
590
615
571
565
611
586
566
564
560
592
598
594
558
606
566
538
596
574
566
558
556
595
587
554
528
522
600
576
540
568
582
525
508
544
519
552
532
528
548
542
534
491
530
571
579
518
481
518
527
467
504
526
530
483
461
508
491
506
491
464
499
467
477
447
510
468
446
464
460
469
457
446
454
428
448
443
482
442
404
444
488
453
491
393
452
431
393
410
382
431
471
459
451
423
417
407
473
411
498
375
445
434
497
398
468
424
412
410
427
383
383
401
378
422
432
373
393
420
476
389
398
411
436
382
394
380
472
392
397
407
395
390
412
407
467
405
429
380
433
454
442
375
410
431
437
359
361
427
414
377
376
381
361
309
403
366
410
310
414
379
319
352
385
370
355
370
377
380
370
397
416
376
394
382
417
363
360
385
394
383
373
399
414
394
382
403
416
374
373
442
358
371
425
354
387
331
400
394
405
283
352
376
369
308
363
374
386
280
387
347
426
336
392
406
378
409
298
403
345
424
393
365
385
318
361
385
314
319
305
402
290
374
350
323
282
360
325
312
306
337
385
308
285
408
299
333
320
370
367
252
351
325
336
326
319
289
323
291
292
284
311
268
333
236
328
268
361
311
236
288
312
360
331
304
277
327
408
269
327
309
308
341
302
337
322
344
322
344
317
280
357
336
310
348
340
294
323
353
320
315
286
329
258
277
239
294
287
243
248
261
262
239
309
322
272
208
238
299
266
272
269
320
288
262
238
288
213
244
297
230
204
290
296
277
251
219
302
237
288
299
267
235
306
273
240
217
307
267
244
262
274
267
260
218
259
295
284
246
232
244
240
253
325
282
260
323
266
304
293
226
276
300
230
250
289
278
323
349
314
363
459
461
500
591
590
603
631
663
671
644
674
652
657
672
668
640
629
703
721
719
688
698
693
641
684
707
697
635
724
780
762
676
740
774
811
738
797
821
787
839
815
871
855
924
860
862
901
895
915
909
914
923
921
874
895
936
915
886
866
868
887
884
844
900
888
851
905
862
907
864
911
894
927
889
902
884
931
917
895
933
911
948
891
900
941
907
875
854
891
910
828
878
912
910
859
890
869
887
831
944
929
930
871
897
847
873
859
843
856
842
783
799
811
811
804
794
844
787
821
842
827
871
916
891
960
961
1014
977
965
1003
999
925
973
935
974
913
953
970
959
949
956
897
914
873
883
843
852
808
792
825
825
808
722
772
752
774
742
743
679
723
652
697
670
674
611
637
605
611
591
540
553
564
580
554
571
590
501
482
530
514
457
448
443
443
406
403
365
377
376
334
344
350
295
268
252
308
243
287
252
231
203
152
232
206
166
188
161
143
173
197
154
109
30
94
64
77
58
34
35
0
5
32
0
0
0
0
0
0
0
0
0
0
0
0
0
0
0
0
0
0
0
0
0
0
0
0
0
0
0
0
0
0
0
0
0
0
0
0
0
0
0
0
0
0
0
0
0
0
0
0
0
0
0
0
0
0
0
0
0
0
0
0
0
0
0
0
0
0
0
0
0
0
0
0
0
0
0
0
0
0
0
0
0
0
0
0
0
0
0
0
0
0
0
0
0
0
0
0
0
0
0
0
0
0
0
0
0
0
0
0
0
0
0
0
0
0
0
0
0
0
0
0
0
0
0
0
0
0
0
0
0
0
0
0
0
0
0
0
0
0
0
0
0
0
0
0
0
0
0
0
0
0
0
0
0
0
0
0
0
0
0
0
0
0
0
0
0
0
0
0
0
0
0
0
0
0
0
0
0
0
0
0
0
0
6
25
0
18
64
43
43
72
72
73
77
135
146
106
136
137
155
143
169
224
175
251
178
173
197
165
217
232
170
257
210
224
203
220
246
193
190
226
211
257
186
267
255
200
222
198
241
179
245
257
201
232
213
217
217
248
183
255
202
237
173
150
166
158
145
104
77
134
96
112
58
20
19
30
17
0
3
26
14
26
9
1
0
0
0
0
0
0
0
0
0
0
0
0
0
0
0
0
0
0
0
0
0
0
0
0
0
0
0
0
0
0
0
0
0
0
0
0
0
0
0
0
0
0
52
168
258
337
342
442
538
568
563
582
730
640
768
747
785
804
877
901
925
1003
978
1053
1067
1062
1152
1150
1171
1184
1151
1151
1241
1206
1238
1247
1206
1219
1197
1174
1262
1216
1194
1180
1187
1199
1166
1197
1169
1128
1064
1059
1097
1062
1110
1168
1097
1064
1094
1081
1031
1092
1056
1068
1057
1049
1087
1038
985
1097
1051
1023
982
1061
1064
1060
1024
1051
1030
1025
1002
1046
1072
1036
1002
1059
1068
1054
1090
1130
1011
1065
1036
1124
1097
1120
1069
1117
1075
1132
1111
1105
1091
1098
1096
1083
1010
1036
1076
1096
1060
1088
1046
1140
1096
1040
1137
1110
1129
1101
1131
1144
1076
1097
1089
1110
1021
1060
1048
1077
999
1032
1093
1011
968
999
1006
1034
961
942
941
988
929
904
929
978
867
879
851
844
841
849
822
821
826
858
834
783
847
759
810
788
845
797
795
837
874
773
745
746
848
771
776
764
807
816
749
753
805
827
802
786
761
746
772
729
728
763
696
784
779
723
729
729
728
808
678
719
775
750
758
765
796
786
799
750
766
768
773
765
799
786
752
758
750
785
796
752
740
723
744
728
720
716
746
695
682
662
717
724
621
738
722
705
664
659
714
690
688
715
690
682
664
655
702
634
687
739
676
641
665
718
671
711
644
688
695
694
718
681
702
664
640
635
635
717
664
695
639
697
658
629
657
626
672
640
703
646
758
715
718
710
672
673
652
680
726
685
688
708
707
667
658
695
657
724
658
680
629
701
635
684
682
658
697
618
628
690
654
650
659
686
679
661
705
685
691
668
701
670
704
671
774
730
804
836
907
1020
1034
1050
1134
1148
1241
1274
1313
1381
1467
1459
1466
1493
1515
1553
1536
1543
1640
1621
1651
1708
1738
1693
1733
1690
1740
1692
1740
1647
1687
1699
1680
1686
1674
1617
1668
1625
1601
1621
1614
1553
1585
1507
1528
1476
1538
1427
1454
1396
1391
1342
1370
1303
1293
1259
1272
1245
1221
1241
1216
1201
1134
1145
1115
1070
1098
1014
1047
998
986
1008
984
960
927
983
913
909
891
859
849
827
832
836
832
788
802
754
717
747
752
671
730
674
704
628
648
649
654
637
562
622
602
552
495
501
541
509
504
486
504
487
453
433
413
438
393
426
409
353
342
328
378
268
267
236
246
231
212
182
175
155
142
108
151
134
89
35
97
44
17
7
32
18
38
0
0
0
0
0
0
0
0
0
0
0
0
0
0
0
0
0
0
0
0
0
0
0
0
0
0
0
0
0
0
0
0
0
0
0
0
0
0
0
0
0
0
0
0
0
0
0
0
0
0
0
0
0
0
0
0
0
0
0
0
0
0
0
0
0
0
0
0
0
0
0
0
0
0
0
0
0
0
0
0
0
0
0
0
0
0
0
0
0
0
0
0
0
0
0
0
0
0
0
0
0
0
0
0
0
0
0
0
0
0
0
0
0
0
0
0
0
0
0
0
0
0
0
0
0
0
0
0
0
0
0
0
0
0
0
0
0
0
0
0
0
0
0
0
0
0
0
0
0
0
0
0
0
0
0
0
0
0
0
0
0
0
0
0
0
0
0
0
0
0
0
0
0
0
0
0
0
0
0
0
0
0
0
0
0
0
0
0
0
0
0
0
0
0
0
0
0
0
0
0
0
0
0
0
0
0
0
0
0
0
0
0
0
0
0
0
0
0
0
0
0
0
0
0
0
0
0
0
0
0
0
0
0
0
0
0
0
0
0
0
0
0
0
0
0
0
0
0
0
0
0
0
0
0
0
0
0
0
0
0
0
0
0
0
0
0
0
0
0
0
0
0
0
0
0
0
0
0
0
0
0
0
0
0
0
0
0
0
0
0
0
0
0
0
0
0
0
0
0
0
0
0
0
0
0
0
0
0
0
0
0
0
0
0
0
0
0
0
0
0
0
0
0
0
0
0
0
0
0
0
0
0
0
0
0
0
44
104
210
277
383
455
479
624
705
735
729
821
900
882
958
1008
1009
1052
1046
1122
1128
1181
1133
1212
1232
1208
1235
1196
1286
1175
1194
1190
1117
1131
1100
1069
1080
1107
1084
1056
1062
1037
1052
1027
1018
960
1012
1006
939
990
942
972
960
928
971
921
941
921
927
999
949
978
972
943
961
978
926
971
885
923
931
924
951
936
912
904
925
906
906
933
959
972
967
977
1019
994
1035
1054
1017
1107
1117
1114
1159
1083
1156
1134
1192
1097
1156
1158
1153
1127
1083
1092
1051
1037
1050
1087
1072
1008
1068
1001
1054
1048
1002
990
1013
954
954
973
1000
984
926
990
971
1008
967
983
954
972
979
995
1005
1015
1008
951
958
948
947
972
968
920
938
899
909
941
909
925
967
916
939
877
957
904
931
929
875
926
1010
992
977
1053
1029
1066
1036
1115
1057
1067
1053
1110
1156
1094
1122
1212
1158
1153
1157
1146
1183
1167
1166
1143
1183
1185
1152
1162
1169
1197
1184
1139
1173
1236
1224
1208
1239
1220
1203
1208
1200
1262
1244
1207
1269
1233
1258
1257
1270
1288
1268
1270
1276
1269
1271
1243
1248
1246
1252
1275
1247
1270
1263
1303
1252
1308
1278
1299
1266
1320
1299
1278
1275
1322
1314
1306
1319
1286
1296
1371
1340
1338
1320
1296
1355
1317
1341
1350
1324
1305
1303
1301
1370
1331
1290
1322
1348
1274
1329
1289
1283
1245
1236
1223
1281
1230
1179
1183
1209
1182
1194
1223
1228
1106
1169
1150
1164
1135
1158
1120
1150
1147
1099
1105
1136
1127
1152
1103
1123
1110
1112
1148
1165
1152
1162
1104
1069
1101
1105
1134
1197
1154
1187
1128
1171
1149
1119
1125
1129
1093
1104
1081
1072
1098
1155
1061
1042
1098
1096
1086
1019
1126
1082
1103
1059
1046
1150
1081
1015
1061
1083
1064
1064
1080
1047
1127
1098
1077
1086
1086
1059
1017
1081
1038
1056
1009
1040
1070
1065
1046
1009
1072
1048
1032
1028
1079
1074
1036
1024
1004
1056
1021
1026
1030
1077
1021
1045
1033
984
1027
1010
1050
1023
1015
968
1035
983
1014
993
996
989
1015
983
1026
971
1077
969
996
979
986
1017
1000
1071
1031
973
1010
975
1014
983
993
965
1008
965
933
950
989
971
940
954
966
936
959
970
979
1028
950
943
978
1016
998
994
961
1010
991
958
934
946
945
907
944
971
945
923
941
952
967
950
926
932
964
911
995
955
963
960
929
942
957
948
911
921
937
999
915
890
910
915
897
888
947
942
921
948
939
935
949
939
954
927
955
925
944
972
938
968
946
975
971
945
992
997
963
947
1007
1010
1032
1051
1050
1092
1141
1191
1174
1189
1203
1186
1162
1118
1146
1229
1193
1142
1206
1171
1168
1175
1217
1245
1162
1207
1252
1221
1256
1269
1280
1307
1329
1276
1344
1353
1370
1367
1453
1559
1500
1521
1581
1597
1557
1588
1659
1726
1787
1850
1847
1870
1914
1843
1872
1802
1854
1869
1890
1937
1887
1922
1893
1917
1977
1909
1916
1895
1876
1870
1899
1919
1898
1864
1846
1815
1789
1783
1754
1802
1752
1811
1759
1775
1724
1718
1702
1620
1633
1597
1610
1489
1549
1539
1521
1462
1448
1541
1451
1427
1384
1430
1330
1298
1318
1287
1269
1239
1248
1186
1193
1203
1161
1148
1089
1105
1025
1075
1046
1042
991
1014
976
957
941
957
931
949
903
834
917
935
840
812
821
786
812
761
728
739
743
717
674
681
679
640
676
629
633
666
626
575
603
490
493
561
548
497
444
492
479
458
405
443
438
372
428
368
352
393
411
409
309
328
319
376
277
296
278
250
299
199
227
252
201
156
200
167
141
158
100
90
91
97
86
82
11
39
35
59
6
8
0
12
0
0
0
0
0
0
0
0
0
0
0
0
0
0
0
0
0
0
0
0
0
0
0
0
0
0
0
0
0
0
0
0
0
0
0
0
0
0
0
0
0
0
0
0
0
0
0
0
0
0
0
0
0
0
0
0
0
0
0
0
0
0
0
0
0
0
0
0
0
0
0
0
0
0
0
0
0
0
0
0
0
0
0
0
0
0
0
0
0
0
0
0
0
0
0
0
0
0
0
0
0
0
0
0
0
0
0
0
0
0
0
0
0
0
0
0
0
0
0
0
0
0
0
0
0
0
0
0
0
0
0
0
0
0
0
0
0
0
0
0
0
0
0
0
0
0
0
0
0
0
0
0
0
0
0
0
0
0
0
0
0
0
0
0
0
0
0
0
0
0
0
0
0
0
0
0
0
0
0
0
0
0
0
0
0
0
0
0
0
0
0
0
0
0
0
0
0
0
0
0
0
0
0
0
0
0
0
0
0
0
0
0
0
0
0
0
0
0
0
0
0
0
0
0
0
0
0
0
0
0
0
0
0
0
0
0
0
0
0
0
0
0
0
0
0
0
0
0
0
0
0
0
0
0
0
0
0
0
0
0
0
0
0
0
0
0
0
0
0
0
0
0
0
0
0
0
0
0
0
0
0
0
0
0
0
0
0
0
0
0
0
0
0
0
0
0
0
0
0
0
0
0
0
0
0
0
0
0
0
0
0
0
0
0
0
0
0
0
0
0
0
0
0
0
0
0
0
0
0
0
0
0
25
52
92
53
66
69
47
3
0
0
0
0
0
0
0
0
0
0
0
0
0
0
0
0
0
0
0
0
0
0
0
0
14
32
92
142
182
216
223
267
313
335
322
364
331
398
422
382
422
439
474
504
515
503
503
496
564
552
629
587
609
586
667
625
646
673
688
754
686
758
759
682
710
747
771
688
743
732
771
733
731
750
809
761
713
703
753
731
800
785
824
841
811
905
906
920
979
948
978
1024
1016
1082
1110
1124
1175
1138
1224
1239
1209
1266
1283
1282
1287
1296
1317
1321
1361
1317
1310
1380
1436
1405
1371
1404
1441
1372
1352
1419
1488
1415
1361
1376
1458
1394
1423
1384
1426
1429
1370
1374
1437
1412
1376
1355
1384
1358
1324
1335
1355
1316
1334
1308
1338
1309
1268
1308
1298
1317
1348
1261
1267
1262
1321
1219
1293
1265
1309
1229
1218
1237
1271
1183
1200
1177
1211
1197
1224
1221
1182
1155
1201
1162
1199
1141
1159
1173
1175
1164
1107
1151
1194
1163
1140
1117
1149
1164
1151
1136
1177
1149
1111
1127
1121
1138
1107
1133
1124
1124
1117
1113
1143
1111
1147
1083
1145
1118
1165
1130
1110
1124
1123
1085
1100
1074
1107
1083
1112
1114
1111
1070
1090
1090
1068
1082
1109
1068
1112
1045
1047
1074
1056
1078
1012
1097
1042
1022
1009
1020
985
999
964
986
1027
987
970
962
991
978
941
945
953
965
934
931
896
950
896
924
919
902
942
886
922
883
939
871
855
876
945
838
899
860
890
853
828
848
913
885
832
859
864
848
839
816
840
832
877
831
848
806
838
827
836
809
818
796
816
793
794
790
856
823
815
833
820
820
801
809
814
793
871
808
801
806
876
775
831
790
849
761
855
811
856
764
742
780
822
784
814
786
808
770
777
797
837
767
824
796
809
823
776
796
841
793
768
729
817
792
751
728
757
800
779
769
831
767
811
812
887
786
823
826
837
791
866
842
757
752
791
775
835
730
788
783
799
769
840
777
764
763
832
777
740
799
759
741
794
715
681
765
755
771
736
712
748
811
776
700
737
738
852
763
718
749
792
792
770
693
755
779
782
698
670
757
751
714
735
694
734
779
758
698
742
755
768
784
755
721
761
784
743
700
749
715
798
723
736
799
744
715
704
716
738
801
743
773
802
725
800
764
784
823
922
975
1031
1054
1079
1209
1267
1300
1391
1381
1467
1488
1482
1624
1587
1662
1613
1680
1675
1674
1716
1664
1776
1824
1867
1783
1848
1846
1845
1803
1705
1775
1828
1824
1772
1811
1777
1758
1694
1736
1699
1664
1672
1622
1686
1634
1640
1618
1652
1597
1583
1550
1532
1544
1524
1450
1403
1437
1437
1365
1373
1362
1250
1283
1327
1270
1292
1219
1250
1174
1200
1141
1153
1158
1105
1079
1042
1061
1104
989
1015
1035
1018
984
950
982
1015
936
878
893
823
929
776
861
833
796
770
762
794
764
743
763
734
680
707
713
684
701
641
652
641
640
625
572
571
614
592
521
526
556
524
462
439
449
474
387
424
425
422
332
318
325
266
252
292
263
267
245
194
173
117
114
69
105
61
47
23
0
0
0
0
0
0
0
0
0
0
0
0
0
0
0
0
0
0
0
0
0
0
0
0
0
0
0
0
0
0
0
0
0
0
0
0
0
0
0
0
0
0
0
0
0
0
0
0
0
0
0
0
0
0
0
0
0
0
0
0
0
0
0
0
0
0
0
0
0
0
0
0
0
0
0
0
0
0
0
0
0
0
0
0
0
0
0
0
0
0
0
0
0
0
0
0
0
0
0
0
0
0
0
0
0
0
0
0
0
0
0
0
0
0
0
0
0
0
0
0
0
0
0
0
0
0
0
0
0
0
0
0
0
0
0
0
0
0
0
0
0
0
0
0
0
0
0
0
0
0
0
0
0
0
0
0
0
0
0
0
0
0
0
0
0
0
0
0
0
0
0
0
0
0
0
0
0
0
0
0
0
0
0
0
0
0
0
0
0
0
0
0
0
0
0
0
0
0
0
0
0
0
0
0
0
0
0
0
0
0
0
0
0
0
0
0
0
0
0
0
0
0
0
0
0
0
0
0
0
0
0
0
0
0
0
0
0
0
0
0
0
0
0
0
0
0
0
0
0
0
0
0
0
0
0
0
0
0
0
0
0
0
0
0
0
0
0
0
0
0
0
0
0
0
0
0
0
0
0
0
0
0
0
0
0
0
0
0
0
0
0
0
0
0
0
0
0
0
0
0
0
0
0
0
0
0
0
0
0
0
0
0
0
0
0
0
0
0
0
0
0
0
0
0
0
0
0
0
0
0
0
0
0
0
0
0
0
0
0
0
0
0
0
0
0
0
0
0
0
0
0
0
0
0
0
0
0
0
0
0
0
0
0
0
0
0
0
0
0
0
0
0
0
0
0
0
0
0
0
0
0
0
0
0
0
0
0
0
0
0
0
0
0
0
0
0
0
0
0
0
0
0
0
0
0
0
0
0
0
0
0
0
0
0
0
0
0
0
0
0
0
0
0
0
0
0
0
0
0
0
0
0
0
0
0
0
0
0
0
0
0
0
0
0
0
0
0
0
0
0
0
0
0
0
0
0
0
0
0
0
0
0
0
0
0
0
0
0
0
0
0
0
0
0
0
0
0
0
0
0
0
0
0
0
0
0
0
0
0
0
0
0
0
0
0
0
0
0
0
0
0
0
0
0
0
0
0
0
0
0
0
26
79
130
222
306
336
413
528
503
562
551
562
570
604
695
688
675
724
750
818
763
705
698
755
689
661
644
613
632
662
694
669
602
616
547
543
571
503
524
457
381
448
344
340
337
363
371
410
468
437
499
556
663
668
636
684
704
778
703
660
686
655
704
649
665
640
634
546
542
565
494
420
425
428
289
309
385
325
275
313
323
362
427
526
600
711
744
818
845
909
940
1084
1047
1046
1153
1182
1174
1191
1234
1322
1248
1280
1316
1327
1293
1332
1388
1401
1361
1372
1419
1429
1384
1444
1414
1468
1389
1436
1497
1500
1453
1430
1447
1454
1447
1442
1394
1399
1397
1389
1431
1330
1324
1356
1319
1298
1320
1276
1262
1258
1224
1234
1218
1230
1207
1265
1205
1184
1201
1193
1168
1178
1171
1176
1110
1103
1090
1148
1029
1080
1085
1094
1093
1053
1104
1055
1054
1066
1088
1047
997
967
1004
1042
1038
986
1034
1026
1034
1003
1042
1021
1028
955
996
921
946
924
905
897
972
940
968
881
971
956
954
903
908
947
885
932
932
896
904
899
976
909
910
914
941
946
934
885
874
881
886
902
878
943
942
826
914
954
962
915
957
952
941
906
931
969
969
907
944
913
935
959
981
965
970
964
941
970
978
1005
973
909
970
962
936
933
932
979
947
983
1014
998
990
990
988
1006
972
939
963
998
912
983
965
1018
965
984
961
989
1000
1028
1003
1029
991
954
1028
1008
1004
936
1026
1050
1011
959
996
1003
963
948
959
979
991
1001
987
925
960
1002
928
912
932
970
940
953
946
902
954
903
946
897
856
915
894
856
864
916
890
879
916
850
878
891
856
825
826
877
822
829
838
893
835
863
886
896
933
872
932
925
941
866
967
965
917
920
920
906
952
929
895
906
916
926
819
914
893
866
866
887
856
836
817
843
898
876
862
842
944
912
901
888
900
884
894
891
843
887
860
842
885
845
922
828
803
849
886
817
850
825
837
807
830
805
799
820
809
794
859
853
787
823
837
846
769
820
840
794
782
794
827
796
749
803
793
806
808
811
782
822
792
767
827
785
783
757
818
759
804
737
771
732
769
734
745
730
742
711
756
780
743
739
757
740
707
716
710
730
720
728
672
726
658
726
684
675
692
694
642
701
693
691
684
694
692
704
660
708
681
704
701
704
754
769
772
769
749
842
865
873
945
1010
1049
1051
1131
1176
1181
1148
1158
1179
1189
1215
1236
1268
1316
1371
1423
1414
1434
1486
1522
1485
1518
1532
1559
1620
1610
1635
1594
1617
1664
1644
1627
1689
1677
1650
1631
1659
1609
1614
1566
1587
1643
1633
1601
1592
1584
1575
1557
1558
1519
1508
1481
1464
1438
1457
1453
1433
1449
1419
1434
1368
1411
1364
1355
1381
1309
1364
1330
1329
1306
1293
1279
1294
1258
1266
1298
1259
1218
1213
1208
1208
1167
1181
1140
1207
1163
1145
1131
1146
1154
1125
1116
1114
1080
1056
1114
1120
1060
1067
1078
1073
1094
1047
1040
1088
1069
991
1026
1035
1058
1010
1060
1018
957
1015
1038
1002
1066
1074
1074
1080
1166
1100
1070
1082
1168
1104
1034
1032
1147
1089
1093
1089
1123
1084
1085
1047
1065
1032
1039
1040
1047
1024
990
1008
1019
991
1033
969
982
981
927
916
934
926
970
865
890
872
942
862
894
869
941
790
889
835
862
817
803
773
808
763
785
749
766
726
767
695
708
724
637
716
680
623
688
649
606
604
640
569
667
587
590
567
480
559
521
532
509
487
458
412
508
408
452
391
403
352
399
325
288
347
323
329
272
340
318
242
241
229
244
231
182
222
175
149
164
154
137
129
82
137
109
90
47
78
55
10
4
30
19
59
0
0
0
0
0
0
0
0
0
0
0
0
0
0
0
0
0
0
0
0
0
0
0
0
0
0
0
0
0
0
0
0
0
0
0
0
0
0
0
0
0
0
0
0
0
0
0
0
0
0
0
0
0
0
0
0
0
0
0
0
0
0
0
0
0
0
0
0
0
0
0
0
0
0
0
0
0
0
0
0
0
0
0
0
0
0
0
0
0
0
0
0
0
0
0
0
0
0
0
0
0
0
0
0
0
0
0
0
0
0
0
0
0
0
0
0
0
0
0
0
0
0
0
0
0
0
0
0
0
0
0
0
0
0
0
0
0
0
0
0
0
0
0
0
0
0
0
0
0
0
0
0
0
0
0
0
0
0
0
0
0
0
0
0
0
0
0
0
0
0
0
0
0
0
0
0
0
0
0
0
0
0
0
0
0
0
0
0
0
0
0
0
0
0
0
0
0
0
0
0
0
0
0
0
0
0
0
0
0
0
0
0
0
0
0
0
0
0
0
0
0
0
0
0
0
0
0
0
0
0
0
0
0
0
0
0
0
0
0
0
0
0
0
0
0
0
0
0
0
0
0
0
0
0
0
0
0
0
0
0
0
0
0
0
0
0
0
0
0
0
0
0
0
0
0
0
0
0
0
0
0
0
0
0
0
0
0
0
0
0
0
0
0
0
0
0
0
0
0
0
0
0
0
0
0
0
0
0
0
0
0
0
0
0
0
0
0
0
0
0
0
0
0
0
0
0
0
0
0
0
0
0
0
0
0
0
0
0
0
0
0
0
0
0
0
0
0
0
0
0
0
0
0
0
0
0
0
0
0
0
0
0
0
0
0
0
0
0
0
0
0
0
0
0
0
0
0
0
0
0
0
0
0
0
0
0
0
0
0
0
0
0
0
0
0
0
0
0
0
0
0
0
0
0
0
0
0
0
0
0
0
0
0
0
0
0
0
0
0
0
0
0
0
0
0
0
0
0
0
0
0
0
0
0
0
0
0
0
0
0
0
0
0
0
0
0
0
0
0
0
0
0
0
0
0
0
0
0
0
0
0
0
0
0
0
0
0
0
0
0
0
0
0
0
0
0
0
0
0
0
0
0
0
0
0
0
0
0
0
0
0
0
0
0
0
0
0
0
0
0
0
0
0
0
0
0
0
0
0
0
0
0
0
0
0
0
0
0
0
0
0
0
0
0
0
0
0
0
0
0
0
0
0
0
0
0
0
0
0
0
0
0
0
0
0
0
0
0
0
0
0
0
0
0
0
0
0
0
0
0
0
0
0
0
0
0
0
0
0
0
0
0
0
0
0
0
0
0
0
0
0
0
0
0
0
0
0
0
0
0
0
0
0
0
0
0
0
0
0
0
0
0
0
0
0
0
0
0
0
0
0
0
0
0
0
0
0
0
0
0
0
0
0
0
0
0
0
0
0
0
0
0
0
0
0
0
0
0
0
0
0
0
0
0
0
0
0
0
0
0
0
0
0
0
0
0
0
0
0
0
0
0
0
0
0
0
0
0
0
0
0
0
0
0
0
0
0
0
0
0
0
0
0
0
0
0
0
0
0
0
0
0
0
0
0
0
0
0
0
0
0
0
0
0
0
0
0
0
0
0
0
0
0
0
0
0
0
0
0
0
0
0
0
0
0
0
0
0
0
0
0
0
Channel 1 Data:
1574
1672
1515
1700
1218
1390
1164
1295
1153
2421
1748
1035
1566
1803
1310
1986
1767
1327
1147
2533
1637
999
1314
1633
1221
1762
1537
2256
1204
1206
1388
2226
927
1312
1522
2453
1416
1857
1628
1642
1656
1810
1186
1924
1237
2202
1473
1136
888
1975
1418
1502
1339
1665
1726
1878
1106
1781
1433
2393
1751
2005
1390
2582
1540
2112
1697
2266
1232
1856
1083
1339
1336
2088
1485
831
1150
1502
1114
2178
1200
2228
1618
1977
1561
1948
1316
2222
1916
1473
1221
1584
1827
1738
1536
1133
1403
2678
1525
1073
1398
1989
1159
1125
1168
1139
1898
1717
1657
2288
1146
2090
1840
1434
827
931
2300
2387
2036
2015
2135
1539
862
1802
458
1367
1683
2003
1292
1639
2219
1789
1579
869
1516
475
1297
1333
1491
1981
1942
1646
1440
1408
1556
1695
2145
1850
1051
1774
2242
1989
2803
1627
2188
1636
2309
1768
1502
1813
2225
167
1838
2079
1458
2397
1559
1127
2416
1645
1362
1948
1712
954
1690
1171
1280
1185
2394
2358
1214
2060
203
1950
1775
2594
1043
1729
1540
1278
1692
490
1719
2224
1313
1787
1507
2000
1840
2664
1001
2087
1325
2325
1160
1590
1883
1897
1440
1298
642
1261
2149
1423
170
1621
2598
1863
1154
2023
1213
1822
2085
2104
1487
1723
1742
2160
1646
1879
1728
1900
337
1542
1834
1906
1533
1572
1119
1228
1783
2114
946
1472
1360
2166
1514
1255
2279
1999
1537
1354
1335
1266
1221
2000
1598
1524
1981
1365
1909
1510
1583
2171
2000
960
1874
1744
1343
1969
1644
1382
1657
1933
2385
1488
1453
1771
2818
1444
938
1581
1647
1808
1771
1454
1391
1391
1997
2086
2051
817
992
1102
2051
663
1007
1560
1240
1308
1763
1827
2227
1723
1918
1759
1482
1988
2495
1415
1700
2168
613
1025
1144
2130
1891
1654
1881
1661
1463
1568
2102
1732
1187
1179
1844
1576
959
1417
1679
1982
1777
1137
1309
882
2268
1996
811
1333
1474
1776
829
1664
1514
985
1547
1848
1679
1699
1006
1983
1566
1074
1366
2716
2030
1560
1337
2177
2560
1213
1887
1800
1702
2194
959
2136
2025
1739
1037
2128
1299
1692
1707
1808
1978
1491
1559
1911
2374
1504
1500
1374
1506
1260
1153
1084
917
1645
1308
776
1376
1230
1825
1579
1876
1205
1809
1495
986
2135
2078
1928
1233
1415
2143
1806
1184
928
1342
1608
1719
1546
2315
1960
1337
1449
1872
1028
1253
1589
1822
1369
1357
1731
1781
1673
1693
1702
1592
930
925
914
1631
1613
1195
1391
1608
1546
903
1617
2044
1255
1869
1649
1775
937
1794
1884
1070
1622
1746
1674
1862
1674
1251
1265
1705
1984
2090
1547
1898
1481
1324
1586
1902
2014
1849
1269
1329
1183
1407
1512
2001
1405
1639
2045
1833
1965
1894
1300
1288
2104
1635
1602
1504
1760
1503
1320
1963
2074
1265
1649
2068
1512
1228
1610
1363
1685
1501
817
1411
1454
1139
1476
1064
954
1452
497
1423
1169
1526
1670
1824
1340
1597
1336
1891
786
1664
1192
1213
841
1032
1314
1252
936
1198
883
1555
545
1568
1090
1706
358
1198
1657
1691
1109
1912
1086
952
970
1275
1030
1095
1241
947
1391
936
1408
999
635
1048
1268
581
1126
722
756
1410
659
1679
1465
1138
275
1704
912
1674
1378
1477
440
1018
702
1270
980
1541
734
751
1182
1542
1410
1599
1596
1257
1146
901
1075
1410
1139
779
455
1702
1610
1466
1240
607
1269
1269
1174
1481
1053
1358
1326
1155
1138
1445
832
1609
981
1290
852
1235
1044
954
1189
1274
899
1192
1201
1671
904
1120
1025
1017
1202
761
754
1549
804
1089
974
510
1428
1890
1375
1122
1369
1598
768
1453
1226
806
940
1699
1272
1249
1146
1590
1441
614
942
944
600
1224
946
988
1413
1020
1027
1534
946
2101
1611
1688
1206
1116
901
813
1032
1392
1103
897
1481
1504
1498
1391
1261
1591
701
1025
763
1494
1258
1145
950
1031
1083
653
1070
803
1220
1138
1227
807
1190
791
912
1388
1224
704
936
705
1036
1576
1260
938
1143
1226
1026
1114
1303
1037
486
615
1339
1446
1233
1089
1008
1763
1177
1271
1026
1380
955
845
812
1021
1344
1747
1398
1317
1073
1286
855
1123
1503
1776
1015
965
1302
1525
776
1155
1753
1469
1154
1121
1179
1029
1529
1415
863
1456
941
1277
546
1548
1168
1090
1259
1175
971
1100
1247
822
1056
1097
1447
1262
1160
1149
1148
2163
1240
1687
770
1500
1187
1211
750
505
1133
1821
1474
1480
1347
1004
1076
1764
1278
2483
1089
1658
1192
2008
1030
1868
1024
1129
1125
1573
843
586
1040
1024
1286
1143
711
804
1176
2034
1016
1227
1038
1784
810
1089
893
2485
1136
1821
1128
1005
1074
1852
1218
2178
1148
1865
1122
1812
1697
1826
1100
1638
1291
2094
695
1199
1738
1642
1098
1610
1233
792
885
1981
829
1530
1033
1624
1336
653
1274
1808
1114
768
1160
1627
1032
1107
1360
1867
1349
1653
1621
2059
1438
1145
1459
1631
1629
1415
1731
2392
1768
1508
1626
2063
1514
1308
2149
1507
1154
1848
1047
1232
1162
1597
1943
1573
122
944
1590
1072
227
1457
1317
1272
107
1693
1265
2061
1086
1680
2295
1461
2184
616
1724
1189
1549
2144
1460
1735
1211
1619
1539
729
936
1195
2064
645
1643
1555
1043
866
1384
1266
1131
764
1268
1994
1227
897
2008
1124
1125
1495
2008
1932
536
1656
1472
1271
1558
1483
1129
1663
1436
1568
1003
1422
1490
2654
428
1190
1073
2437
1346
87
748
1426
1719
1848
1049
1278
1559
2149
707
1950
1245
1279
1739
1695
1458
1017
1488
1376
1774
1530
881
2331
1794
1700
1708
2615
1524
1552
1765
1842
1622
1248
1696
1334
1281
919
1347
1339
715
824
1079
733
731
1839
1987
1304
489
1107
1375
1544
1408
1630
1853
1939
1411
1144
1664
698
1099
1995
824
340
1364
2448
1825
1272
69
2298
1557
1799
1797
1771
1387
2106
2084
1305
761
1810
1492
982
1465
1541
1227
999
425
1185
1877
1431
1404
1028
857
780
1603
1874
1479
1313
1480
1542
1870
1664
927
1606
1769
741
895
1417
1325
1746
1312
1135
1599
1640
841
1076
1764
941
1165
1428
1680
1684
1181
1780
1341
1184
1266
1538
963
768
1831
1256
1501
1139
1669
1067
1147
1385
1025
630
408
1388
1863
1540
664
1387
1584
1919
1171
1602
1641
952
1449
1270
1296
1085
1985
1287
1038
1757
1218
2047
1539
1578
1375
1916
1274
1383
1249
1507
1588
1033
1200
1639
1887
931
1645
1768
1423
1954
1593
2116
1529
1808
1539
2266
1505
1737
1767
1606
1823
1299
1643
1303
1613
1425
1742
2070
1968
1534
1099
1541
1311
1423
1576
1709
1887
1350
1890
1194
1088
676
2322
2176
2291
1444
1749
1354
1705
1616
1298
1472
1714
1451
1295
1021
1515
2045
1494
1631
1156
933
1787
1393
1156
1957
1203
1860
1279
1897
1434
1429
1975
1727
1085
1544
1058
1332
1197
1180
1664
1176
1644
1633
1243
1883
1507
1875
1445
1540
1001
1620
2074
1686
2084
751
1542
1005
1346
1742
1697
1058
1708
1294
2034
1774
1892
1662
1708
1443
1467
1516
1010
1124
776
1798
1555
1747
1942
1250
1280
1852
1640
923
1729
1496
1473
1845
1896
1443
1838
1615
1562
1718
1763
1283
1289
1236
1814
1239
1892
1467
1559
1266
1019
1804
1650
1264
1389
1754
1509
2024
2034
1890
1112
820
1580
1684
1460
1476
1225
1979
1691
1380
1986
1992
1039
1321
1836
1486
1772
1463
1600
1679
2264
1776
1588
1405
2415
1587
1550
1220
1667
517
1595
1336
1320
1071
2060
1889
1580
1315
1648
1640
1304
1643
1370
1704
1219
902
2900
1655
707
1166
1387
2031
1967
1886
1587
1634
1715
1245
1508
699
1843
1689
2304
1020
1753
1769
1689
1721
1572
1292
1656
1388
2213
1419
1274
1713
1713
1641
1363
1627
1772
1092
1426
1406
1134
1362
2146
1847
1270
1314
1848
1924
1845
1719
1624
1752
1512
1483
1856
1885
1766
1602
1874
1412
1897
1548
1600
1590
1102
1183
422
1654
1327
1502
1723
945
2148
1166
2341
1954
1524
1122
2230
2149
2150
1186
1344
1499
1915
1730
2151
1429
1275
1754
1691
1536
1220
1582
1836
1391
1573
997
1677
1401
1401
1557
2224
1516
1005
1440
1360
1394
1538
1542
1712
1148
1420
1178
1586
1226
1569
1248
1142
1332
1637
1717
2127
1675
1368
1474
2148
1503
1408
1418
1904
1564
1376
1122
1755
1523
1748
1330
1376
1175
1668
1373
1486
1066
1467
1516
1728
1814
1591
1186
1345
1137
1298
1576
1374
999
1522
1210
1078
1229
1952
1550
899
1413
1863
1592
1456
1335
2195
1208
2346
910
1398
1680
1038
1816
2080
1209
1814
1274
1939
1497
1476
1222
1495
1168
1353
900
1822
936
1885
1392
1288
1572
843
1230
275
1198
1588
1081
1643
1300
1549
1694
1660
1341
1992
1692
2263
1338
1263
1251
1686
1273
1099
971
1738
1315
2160
1137
1333
952
1723
1150
1030
1011
1511
1031
1324
1015
1903
1316
1384
1271
1794
1665
1425
990
2082
1104
825
987
1515
1131
1521
1679
1522
839
1752
1267
1479
1389
1509
1355
1603
1189
2218
1143
2727
898
2300
1001
802
1643
1889
1526
1200
1406
1590
1260
1043
1857
680
280
1510
1074
1552
491
1336
1776
1911
1208
937
2307
1059
1549
1180
971
1261
1194
1088
901
1836
521
1403
877
470
1381
1392
1485
1076
993
602
1384
752
1618
1540
1030
1459
1099
1047
1650
1771
1808
1477
1264
1868
1491
1587
1770
1557
371
229
1409
283
881
2469
1315
1008
1218
1382
869
1406
1154
1951
1483
1459
1954
1441
869
1947
1666
1432
933
1278
1511
1666
1186
1726
1124
1167
547
1687
1873
820
846
1382
1464
1384
1864
2516
708
1642
1129
1602
1650
1657
1113
1570
898
1625
1507
1116
1237
1416
1205
1244
0
400
1212
1485
1094
1200
617
1943
1391
489
1486
1985
1674
1000
1547
2056
1384
2056
1276
1775
818
1196
972
1362
628
874
2112
1123
716
1024
1388
1969
1175
753
1395
1846
1367
1180
1386
2596
1216
1211
779
743
855
1347
1064
798
1078
1370
1308
1174
1342
374
1034
1225
1677
1291
1037
1594
2366
1066
692
781
1872
598
1293
854
1509
1753
564
1003
1338
1861
1682
1319
872
756
1269
977
787
670
688
1451
1371
903
1422
981
1179
1956
233
832
1434
1012
1569
1619
1455
1638
1847
1239
1431
1252
768
1135
1458
1387
734
1512
1780
1203
1684
1088
1495
1071
1193
1372
1119
1449
1066
950
703
888
1143
1591
290
1790
1320
1176
651
1023
1751
1178
1312
1628
1339
1411
900
765
936
690
1398
1682
1580
524
1165
2025
1286
1094
727
1688
2010
1603
1481
1670
1668
998
694
858
852
1824
1030
1943
709
1041
937
1626
1113
547
1294
814
1829
763
2364
1644
1428
1402
766
914
1206
1247
1557
1444
1197
1719
1297
881
1559
1392
1307
1713
1295
915
1034
1841
1073
1427
1366
1117
1654
620
944
1277
558
1267
1227
1320
1653
1317
1937
1344
1368
1258
1335
886
1008
1373
1533
761
1120
1099
1431
1279
1128
689
1109
1031
1575
1598
1426
889
1024
1179
1112
851
1194
1217
1578
1016
1371
983
1736
1551
1685
1147
1134
1170
1538
898
1571
931
1016
806
1157
807
1124
579
1655
1436
1287
1503
1424
1530
1900
711
1148
820
1828
641
1563
1407
1541
724
1656
988
1233
1428
1678
1130
1641
1414
1599
1555
1288
1305
1244
975
2035
1114
1690
836
884
1312
1266
1286
1224
2029
1266
1382
1521
1125
1043
854
1094
1527
1881
1028
1171
1279
945
1269
1575
1108
1546
1119
1344
765
989
775
1179
1738
723
1444
1968
1552
496
755
1701
895
1461
1262
1854
1001
1365
1147
996
1536
1319
1659
1529
1050
1692
1110
2087
887
1500
1468
1556
1566
1317
1171
1045
1209
806
1391
1706
1572
1403
1137
1600
1208
1057
1300
1917
1421
1786
1265
1934
891
1714
1942
1433
783
1054
1083
1668
1474
1832
1096
2195
1368
1527
972
1727
1731
1428
1426
1205
1458
1351
1498
1739
1303
1210
1376
2236
1454
1826
1840
1886
1516
1696
1679
1786
1394
1885
1508
2228
1292
1399
1522
1482
1500
1556
1128
1229
952
1476
948
1448
1261
1765
1424
1143
1639
1069
1423
1341
1295
1805
1105
1015
1643
1790
1263
1914
1558
1735
1918
1415
1123
1718
1504
1241
1357
1748
1602
1495
1655
1228
1247
1777
1275
1429
1395
1600
1436
1714
1412
1605
1515
1702
1405
1514
1912
1648
1704
1777
1833
2137
1651
1389
1228
1636
1656
1576
1594
1680
1726
1638
1457
1952
1486
1458
1484
1527
1490
1437
1563
1847
1542
1814
1493
1430
1772
1700
1481
2058
1285
2768
1724
1548
1609
2189
1298
1017
1673
2364
1933
1081
1724
1242
1575
2145
1774
2475
1372
2006
1259
2388
1474
2299
1418
2418
1575
2142
1434
1842
1950
2339
1569
1596
1092
1731
909
3068
1554
1568
1597
2520
1437
2078
1490
1697
1540
1192
1433
2362
1476
2683
1440
2404
1732
993
1410
2190
1552
2148
1185
1828
1705
1956
1560
1798
1341
2143
1865
2227
1658
1548
1727
1681
1602
1559
1625
1946
1403
2177
1398
1200
1890
2101
1522
1867
1791
2059
1975
1564
1391
1469
2011
2777
1006
2575
2267
2140
1467
2106
2105
1663
1566
2364
951
2320
1535
1895
1676
1985
1271
2191
2380
1087
1980
1323
2524
951
1440
2824
1817
1781
1525
2208
1266
1600
1287
1984
1614
1925
2664
1415
1006
2078
1947
2202
1155
1424
1876
1810
1437
1730
1814
1968
2257
1952
1388
517
1217
2781
1223
1780
2128
2088
1530
1676
1303
1462
2159
1811
2299
1102
1153
1656
658
1855
1238
1810
965
1743
2020
1656
1448
1373
2037
2131
1830
2041
1179
1847
1337
2809
1624
2107
1527
2216
1652
1721
2291
2354
1954
2016
1623
1446
1185
1362
2242
2182
2375
1614
1707
1905
1432
1589
1658
1420
1874
1475
1388
1518
970
2155
2614
1573
958
1496
1839
1945
1672
2026
1600
1700
1708
1913
1759
1966
1349
1972
2140
1546
1868
1493
2457
1171
1572
2181
1520
1388
1213
1102
1464
1584
2266
1922
2037
1680
1400
1869
1665
1043
1312
2136
984
1498
1132
1599
1672
1470
2081
1296
1563
1110
1300
2068
1724
1991
1729
1504
1668
1705
1118
2050
1439
1591
1227
1562
1767
1693
1156
1139
1755
1536
1261
1581
1805
1937
1773
1596
1636
1421
1052
1661
146
1561
1493
1677
2465
1099
1667
1520
2082
731
1408
1497
2044
2088
1632
1368
1142
1140
1589
2007
1719
487
1523
972
1037
1009
1356
1087
1935
682
818
1109
1510
1109
278
1058
1173
1394
1311
1485
1033
1123
1229
1856
1422
1371
1104
1169
1210
900
1176
1536
1764
1074
1940
1028
1047
1389
761
1576
1673
1025
1412
1077
1867
1363
1592
1833
747
1788
1464
1042
574
1378
1540
1472
1228
1231
993
826
835
883
1485
738
1150
2055
1022
1057
1624
1198
1709
1027
1430
1079
1760
1019
825
1585
1104
1050
1015
686
966
1232
1958
1557
1395
1042
1065
1154
966
956
1476
1548
1595
1428
1078
1772
1316
1830
1091
1484
1316
1288
1128
823
966
1108
1133
1591
1476
1339
933
1211
1213
1616
980
1224
983
875
817
568
1041
1204
1368
936
1039
627
680
1503
1124
979
1103
508
1527
1260
1289
1193
1062
1022
673
907
1691
1595
630
821
1363
819
1394
1336
1249
912
936
829
1850
886
574
978
1334
1259
1421
1925
1947
101
1171
703
1352
1299
1304
918
1268
929
1288
859
1382
1259
1329
1142
1290
881
1211
1046
1450
1505
1493
744
441
896
1059
1499
1787
959
1411
934
1381
1360
749
1210
1073
947
1088
745
992
713
1932
949
546
998
1130
859
674
1283
1182
1581
968
1064
1804
1136
460
777
1249
1238
1313
1394
920
1641
1598
1660
1412
1736
1536
874
1823
689
1210
1176
1420
1152
1536
949
872
1671
1421
1220
1061
1486
1363
1179
1264
646
1499
1344
855
1431
1954
1229
1484
1798
584
956
1653
1516
1573
902
1174
1258
1475
1197
1501
960
864
1278
928
1389
750
1628
908
1168
735
896
1283
1093
2038
1251
906
1307
1237
1097
960
1347
1107
1331
1100
1071
901
1451
1819
1265
1179
855
807
1347
1439
1512
1831
1207
1139
1230
1338
1382
1856
1114
1579
1082
1488
1049
1108
1085
1097
1297
1270
1010
694
996
1604
1065
1428
1186
1219
1221
1164
1661
1620
1246
1663
1085
1188
1225
1857
976
1018
1202
2243
1264
1002
1146
1206
970
1166
1491
1308
1075
1400
1254
1112
1220
1562
1253
1280
1176
1355
1112
1628
927
1328
1235
1590
1185
1145
1356
1823
1279
825
1153
1332
1371
1506
1504
1184
1336
1402
1284
1103
1418
1382
1384
767
909
1710
1537
770
1291
815
1324
1544
1502
1595
1135
1380
1367
1011
1251
1195
976
1527
1629
942
1338
1537
1303
1410
1155
2362
1000
1889
1518
2026
1333
1593
1173
1504
1274
2385
1452
1254
1575
1269
1369
692
1032
1401
1174
2066
1136
958
1396
1132
1727
1023
1405
807
867
875
1517
2106
1298
1414
1491
1323
995
1339
1624
1818
1316
2160
1584
1796
1220
1642
1634
1298
1187
1199
1402
805
1371
1233
1396
1150
1331
2462
1356
1681
1469
2162
1213
1153
1433
1325
1491
1440
1432
1365
1481
1950
1858
1572
1041
1870
1090
1535
1516
1434
1383
1863
1323
1724
1489
1949
1644
2131
1494
918
1702
2419
1321
1618
1543
1378
1787
2466
564
1606
1835
1932
935
1704
1335
1561
1496
1490
1330
2596
1677
1685
2123
1406
1099
2592
2097
1710
487
2162
1949
2014
1226
1813
1331
1383
2050
1333
1087
1984
2033
2520
842
1496
1795
2149
948
1511
2021
1639
2211
1347
1545
2445
1488
1188
1962
1745
1438
1642
1067
917
1435
1992
1982
1774
1371
1455
1113
2002
1272
1623
1298
2608
1310
1015
1439
1906
2079
1475
2578
1581
2457
1480
898
1995
1269
1348
1523
779
1262
1412
1734
1806
1335
1482
1846
1184
1573
2215
1475
2428
2369
717
1213
1942
1413
1876
1487
1344
1633
2297
1119
1674
1485
1794
1557
1801
1653
1271
1035
2320
1758
1529
1999
2557
1174
2352
980
2675
1383
919
1493
2065
1646
1285
2403
927
1573
1576
1682
1840
567
2253
1011
1433
580
1875
1784
2003
817
1655
1537
1706
1884
1408
1123
1302
1584
2075
2049
2333
1634
1925
1526
1119
1901
1853
1745
1688
1429
1072
1840
2132
1664
1436
1417
2010
1931
1291
2325
1649
1794
2364
1371
2441
1235
2139
1798
1327
1716
961
1826
1470
2311
1421
2101
2432
1699
2045
1714
1725
1559
1375
1697
1578
1445
1963
1630
1584
1966
2574
1344
1126
914
2010
1389
2200
1164
1360
1399
1351
1642
523
1866
1531
1208
1747
2187
1886
1349
1322
1596
1803
1834
1858
2006
1612
1499
1354
2170
1195
2036
1438
1750
1997
1476
1596
1454
1511
2221
1920
1238
1448
2164
1977
2141
1612
1809
2448
1333
1659
1149
1747
1358
1422
1595
1520
1432
1431
1232
1272
1811
1312
1024
1821
1711
1439
1000
1623
1592
2002
1505
1276
1785
1388
1441
1973
1346
507
1775
1796
1060
1952
1622
1106
2142
1602
1130
1678
1508
1936
1688
1427
953
1753
1708
1990
2050
1102
1057
1073
850
1239
1648
1585
1549
1984
1531
1178
1758
1858
1611
2116
2226
930
1420
2028
1744
1535
974
1636
1652
2187
2238
1775
2368
1969
1669
1731
1471
1604
1507
1946
1242
1193
2030
1101
1460
1401
1402
882
2058
1720
1295
2069
2078
1672
1806
902
1011
1767
1188
1144
1546
1297
1620
1623
2324
1211
1264
845
1026
1414
1228
1733
2266
1048
1452
1690
1754
1725
1363
1006
1381
1471
2198
1202
1989
1148
1590
2254
1429
1496
2375
1512
1218
1039
1228
1192
1404
1671
1270
1373
1375
1212
1406
1693
1991
1660
1607
1585
1761
957
1706
1652
1290
1906
1766
1176
1673
1112
1465
1165
1398
1320
1740
1421
1286
1232
1715
1536
1966
1580
1481
1092
1591
1356
1746
1043
1168
1408
1668
1070
1386
1487
2066
1615
1799
1504
1265
1369
2052
1161
1986
1077
1747
1411
1494
917
1209
989
1909
916
1315
1235
1514
860
1826
1147
1127
835
1403
1578
1113
1387
1547
967
1410
665
1453
1040
1238
689
1540
1286
1335
1038
1814
998
977
872
1295
1259
1855
1805
1220
1412
1156
1543
1424
1188
2003
1378
737
1434
1261
1208
1194
1070
1390
924
1667
1492
801
1645
1305
942
1456
1159
1498
1195
1469
1372
1135
1386
2261
1330
1001
1019
1700
1221
921
1350
2118
1832
1069
876
1583
1152
1877
1077
1460
1362
1274
964
1430
1257
1448
1033
1408
1059
1168
1076
1595
949
1539
1244
1190
891
756
1402
820
791
2392
544
693
1071
2148
1004
1983
1412
2017
1197
1360
946
1618
1045
972
838
976
1227
1042
1173
1035
1041
1430
939
1579
883
1381
1307
1405
1228
765
1441
1575
1074
1262
987
1099
1337
1739
1224
1452
1268
902
719
658
845
995
1433
1059
866
1060
1021
1320
663
1355
1052
1516
1061
1703
1268
1672
1108
1539
1124
1204
1006
1275
1346
1461
1700
1323
1005
1254
988
1024
1355
1479
819
1411
1136
1259
1138
978
1316
1274
1965
1088
1216
1808
1221
709
1135
960
844
1665
1125
1290
1238
1291
1125
1152
1091
1082
1260
1301
1271
1236
1482
1009
1315
1579
613
1499
1388
1779
1124
1763
1129
913
980
2538
1136
1801
1204
1368
1458
589
1175
2319
1468
927
1514
1543
1154
1809
1062
1280
1225
2253
1658
1723
1031
2010
1391
1317
1110
1515
1118
1206
952
1683
951
1750
957
1417
1738
1724
1408
1172
1347
1156
999
2276
1281
1336
1356
2436
1156
2017
952
2157
925
2085
1323
2257
1153
587
846
1641
1075
973
1315
1692
938
955
1394
1764
1112
1551
1464
1910
1296
1374
1347
2215
1372
1365
1129
2068
1216
1142
1087
1048
1356
1356
1225
1445
516
1424
1933
2676
1208
1689
1613
1843
1337
2122
1938
851
625
1505
1237
1972
780
1535
1707
1505
971
2132
1510
1206
1584
2154
1401
1414
1978
1418
1137
2043
1066
812
1124
1280
2140
693
770
1501
1871
1566
645
1110
1344
2586
1600
1008
1342
1686
2761
1228
890
1609
1872
1399
1386
420
1797
1685
1446
1502
974
1336
2314
1692
919
1603
1769
1777
2334
1790
1635
1399
1482
1532
866
1591
1203
1928
1421
1320
1767
1677
682
446
1225
1399
1887
1588
1728
1753
365
1771
1242
1072
1366
1886
1916
1852
747
1189
1989
1731
1215
1431
1676
2035
1207
242
2216
1378
1878
1779
2219
1347
1183
1493
795
1023
1294
2352
1162
1844
1748
2092
1249
234
928
1716
1563
1526
1839
1544
1554
1367
2171
1639
1049
1454
940
2022
921
1702
1184
1710
1565
1766
1413
1942
1831
2142
1438
996
1425
1686
1154
1647
1687
778
1352
2140
1537
2294
1832
2097
1002
1531
1725
1521
1558
1833
1447
1122
981
2003
741
1455
1747
1584
1513
1280
1642
2299
1127
736
1312
176
2035
706
1722
1112
1313
1360
1043
1664
1575
1778
2321
1655
1037
1740
2148
1357
2308
1325
1611
1716
1813
1756
1226
1209
1611
1230
1372
1082
1667
1488
1232
992
1742
1548
1214
1770
1936
2252
1152
1176
1563
1015
1348
2221
1841
1955
1902
1958
1567
710
1313
1424
2013
1595
1516
2050
1238
1339
1760
1366
1310
1861
1008
1222
989
2572
1654
1847
1595
2168
1781
1629
1933
1340
1417
1448
1073
2013
1227
2019
2229
1390
2012
1253
2065
1703
2387
1252
1468
1753
1423
1392
1753
2186
1463
1876
2249
1176
1655
1476
1627
1614
1560
977
1809
1794
1679
2237
1612
1271
1299
1232
1819
1337
1352
1764
1925
1417
1778
1158
1718
982
1472
1248
2306
1212
1373
1191
1391
1710
2549
1492
1402
1918
2003
2105
1627
1741
1105
1311
1997
1681
2304
1441
2029
1568
1756
1156
1504
1173
1889
1736
1920
1353
2348
1451
2010
1625
1926
1220
1398
1181
1649
1440
1617
1744
1228
1790
1994
1155
1558
1127
1713
1051
1045
1661
2267
2032
1606
1016
1576
1133
2219
1090
1229
1453
2043
2109
1552
1362
1872
1520
1800
1375
2379
1314
917
1060
1921
1138
1216
2167
1639
1506
1462
1763
1649
1123
2290
1902
1519
1390
1770
817
1945
941
1403
2140
1598
1928
1618
1912
1858
1829
1486
1579
1396
1611
1756
1505
1620
1537
1232
2031
1544
1603
2180
1902
1637
1812
999
1762
1712
1024
1728
1524
1365
1130
1162
1396
1567
1682
1611
1471
1541
1946
1773
1405
1929
2134
1658
1430
1720
1331
1330
1696
1502
1236
1733
1510
2082
2225
1300
985
1536
2198
1672
1322
1271
1027
2240
1344
1721
1575
1439
2080
2024
1015
1972
1348
1521
1442
1559
1771
1788
1982
1280
1973
1499
1345
1858
1704
1436
1564
2145
1595
2071
1789
1965
1463
1816
2133
2992
1715
1618
1585
1601
1134
1976
1823
1628
1926
1888
1776
2364
1509
1833
1482
1665
1463
1788
1562
2514
1715
1403
1440
2080
1372
1662
1625
1941
1423
1350
1663
2240
1659
1800
1749
1600
1671
1303
2159
1485
2023
2291
1510
1765
1714
1519
1406
1984
1629
1539
1460
1923
1529
2378
1507
2080
1584
2185
1461
2084
1743
1908
1666
2282
1657
1288
1633
2092
1848
1678
1130
1354
1605
1929
1724
1795
1675
1794
1780
1890
1588
1746
1546
1933
1731
1756
1660
1977
1602
1714
2164
1917
1310
1757
1654
1976
1781
1893
1913
2009
1430
1718
1624
1822
1424
2069
1886
1871
1684
1728
1832
1417
1839
1561
1336
2343
1372
2268
1968
2433
1826
1885
1702
1662
2114
1720
1424
1675
1378
1733
2014
2353
994
1794
1301
1932
1361
1770
1869
2197
1924
2712
1533
1465
2110
2358
1915
1326
2060
1031
1601
1464
1715
3134
1502
1263
1352
1334
1656
2338
1668
2019
2167
1918
2027
2193
2336
2184
1998
1473
1286
1776
1403
1587
1594
1722
1605
2676
1420
2187
1726
1060
1260
2209
1800
2265
1439
2285
2041
1787
1732
2249
1342
2189
2022
1591
1736
1590
1445
1965
1888
2393
1505
1160
845
1431
1003
1961
1076
2151
2155
1242
1859
2454
1706
2132
1423
1438
2220
2633
1502
2571
2078
2066
1323
1912
2114
2065
1010
1242
1188
2041
822
1826
2620
1573
913
1749
1716
1993
938
1936
2347
580
1955
2357
1844
884
1537
2242
1566
787
1182
2298
1636
1845
651
1735
1816
1486
1431
1858
1218
1815
1445
1419
989
1571
2376
1602
1115
1802
1482
2088
1896
1359
1152
2026
1387
1297
1391
868
1235
1958
2130
1064
779
1818
1153
1315
2008
981
2227
1287
604
2530
1736
1189
926
1762
1463
1395
2071
1068
1716
1564
1972
590
808
748
1143
1910
1559
1067
1477
1769
2014
1102
1289
1494
1864
1287
1157
2187
1575
1127
1987
1886
168
1226
2695
1051
265
1783
1687
1368
1291
1613
1107
1621
1309
1761
1541
1433
841
1983
1279
576
1538
1773
1217
1276
1512
2181
1044
1532
1538
1472
1343
1099
1813
1819
845
974
1598
1741
510
1226
1209
1469
619
1913
2067
1962
1252
1200
1357
1714
1492
2013
1887
1642
1574
1567
2399
1156
771
1893
997
1043
1477
1256
1405
1064
813
1158
820
1160
989
1855
1154
1035
1014
930
1206
1082
1379
1563
1406
1026
1274
2041
833
1165
1326
1509
1433
1017
1573
1264
1553
1691
1820
1815
1003
1006
1599
1294
1171
791
2252
1399
1283
1442
2144
1525
1751
1055
1470
734
816
1109
1626
914
1671
939
1600
282
1518
1349
1586
873
1077
1015
1064
1999
1528
752
955
1514
2034
962
1464
1350
1801
1869
1332
1254
554
1005
1074
1620
1228
2001
1554
542
1063
1580
1300
977
1401
1333
1388
870
1199
1300
1384
1443
1916
680
810
1373
1711
1216
972
1169
1230
1098
1207
1504
1399
786
1413
1642
820
1252
1160
1738
1033
886
2064
2207
1785
1650
1567
1573
1272
1060
1458
1703
971
1798
1232
1633
774
951
684
953
999
1728
1567
1421
993
785
1568
1434
765
684
1112
1473
1301
928
1561
1645
633
965
1348
1197
1532
1337
1882
265
1512
1770
827
737
896
1146
1445
1445
1337
387
1482
867
1292
445
520
1377
1322
603
809
1802
1304
1124
1348
1130
1018
1701
937
819
1057
1420
921
747
998
1137
731
1409
1259
1162
1482
858
1430
924
1068
621
1372
1621
939
589
1381
1042
1340
1462
1187
756
932
1615
739
1601
1255
909
1379
1552
1167
880
710
752
1088
643
770
731
1965
1232
1389
1335
1201
615
1512
1244
617
870
984
980
1317
910
1219
1094
489
1032
1318
848
1314
740
1161
883
1079
871
523
1080
958
821
1419
1353
1055
651
1211
896
1167
1048
1455
1083
1025
1141
1151
1083
1055
945
1053
1568
1448
1339
1069
1283
1229
1216
1807
1038
1128
1187
1823
1027
1672
1258
1555
944
1230
1222
1301
1079
885
926
1328
1276
1114
1174
1900
1437
1102
1147
1255
770
1490
1482
1206
1321
960
1316
1372
1012
1195
829
1037
1183
1547
1142
1711
1370
1718
991
987
1335
957
1003
1581
1049
1566
1103
1484
1495
873
1141
1228
838
781
1426
1137
678
1114
1090
1728
1136
946
1176
1223
1308
1150
1171
712
1462
1561
1511
1004
1210
1699
922
1056
902
1175
1348
968
1120
1015
1153
1363
1104
1204
1435
1508
844
1315
1202
1044
1293
1093
904
1643
1445
1566
1402
1411
1292
1433
1388
1171
684
919
1593
899
1231
1304
1377
1544
1271
1564
1073
1563
996
1051
1723
1359
1675
1389
1576
1644
1380
1234
1728
1224
1149
1816
1246
1085
1264
1299
1126
1096
1387
1027
1419
1834
1435
1250
1390
1849
1297
1658
1139
1551
841
2026
1627
1323
1108
1830
1787
2114
1333
1474
1614
1537
867
1485
1300
1835
1420
2106
1397
1139
2096
2668
1393
2310
1222
1599
1438
2692
1690
1054
1608
2387
1445
1374
839
1948
1202
2323
1312
1923
1536
2037
1332
1625
1408
1516
1535
1665
1356
1443
1512
1863
1271
1893
1176
1781
1428
1121
1138
1123
1420
2362
1126
1337
1361
2013
870
1533
1368
2542
803
2165
1640
2344
1470
2179
1492
2188
1283
2156
1514
1465
1486
2500
1173
1715
2012
751
1821
1520
1093
1455
1510
1391
1533
2151
1026
2514
1971
1923
1512
558
2368
1235
1771
1904
1776
1835
1096
2409
1451
2128
1274
2031
878
1913
1655
1214
1112
1351
1697
1470
2228
2069
1676
1560
1209
1649
2087
1420
1836
1296
1455
1847
2045
1838
1440
2021
2524
2159
1724
1624
1652
1813
1650
2022
2144
1989
2407
2022
1827
2560
1498
2157
1735
1325
1830
1656
1833
1263
1662
1702
1962
2003
1666
1531
1203
2159
1636
1824
1646
2093
2372
1568
1604
1999
1235
1347
1698
2102
1701
2036
1746
2071
1586
2057
798
1832
1377
2013
1910
1087
1303
1796
1143
1909
1403
2029
1727
1437
1379
1579
2148
2148
1842
2231
1486
1651
2683
2273
1764
2024
2569
1531
1312
912
1934
1342
1434
2066
1594
1701
2240
1369
674
1229
1524
1777
1862
2218
1830
2161
925
1840
2305
2287
912
2280
1960
1684
2256
1967
2189
1095
1367
892
2011
694
1651
2159
894
1387
2139
1473
2123
1529
1580
1945
2321
1618
1999
1538
2611
1463
1991
2315
596
1767
1426
2442
1238
1545
1423
1685
1680
817
259
1454
1794
1739
2056
2172
1303
2080
1572
2513
1399
1629
2244
1639
1779
2314
976
1277
1744
780
2351
1191
1723
1515
1842
2128
1318
2008
1083
1899
1338
1610
2261
3095
1730
2344
1762
295
1522
1149
1605
1984
1885
1765
1457
1064
2080
1273
1392
1380
876
2016
1879
1483
2281
1398
1840
1243
1675
1449
2443
1236
1572
1568
1675
1248
1648
1691
1707
1160
1196
49
916
2182
1952
1517
1555
1191
1970
1467
720
959
2183
2073
1081
1636
1888
1269
2641
1652
1344
1868
1713
1294
2056
1376
1955
2403
1643
963
1634
2075
1462
1726
1724
1073
1484
1146
1214
1600
1077
1152
1946
1296
1370
1441
2043
1319
1000
1936
1688
2293
2140
1428
1964
2186
1952
1004
2240
1152
1937
1522
2036
2079
1279
2519
1574
2261
883
2189
2248
2041
1575
1584
2152
973
1851
1570
1802
1450
1755
1376
718
1845
1083
1722
1390
952
1031
1731
2215
1286
1967
1748
1758
1555
1487
1512
1762
2477
1783
1955
2116
1243
1744
1693
1850
1315
2086
802
1804
1479
1375
2154
2288
1819
936
1781
1605
898
1756
2246
1397
1669
1542
1062
1020
1140
914
1509
1461
1049
964
1520
1303
1550
2217
1101
1734
1515
1416
986
2496
1265
1106
1241
1908
1491
1118
2005
1727
1702
1757
793
1307
1529
1504
1795
1890
1074
1941
1951
1683
1603
2106
1456
1917
1032
1683
2033
2252
987
1023
931
908
1141
1565
980
1501
1286
2450
867
1738
999
1216
2211
1144
1284
1765
1674
1750
1301
1650
535
2287
1500
1827
1270
1836
888
1698
790
2239
2310
2087
1741
2265
902
2262
1407
2034
1937
1776
1449
1632
1324
1304
1248
1391
1025
1337
1107
1467
1473
1391
1205
1219
1430
1706
774
2182
1879
2194
1584
1688
1718
1792
1714
1019
979
1263
1248
1928
1759
976
1881
2151
1300
1569
898
1253
952
2166
1243
1658
1451
1848
2025
1288
1510
2013
1674
1584
1209
2212
1168
1724
1857
2206
1189
2124
1719
1593
1575
1125
1644
1994
1350
1608
1534
1267
1467
1641
1488
1729
1576
1561
1222
1745
1531
1559
1376
1168
1616
2127
1255
1501
1249
1397
1264
2064
1070
1464
1562
2356
1485
1453
1297
2294
1532
2187
1218
1657
1511
2387
1786
1465
987
1926
1357
1646
1257
1632
1620
1421
1032
1827
1734
1437
1377
1541
1633
1697
1533
1596
1578
1641
1291
2385
1270
2081
1789
2384
1561
2009
1408
1531
1821
1299
1245
1842
1370
1612
1379
1786
1255
1727
1568
1746
1421
1145
1427
1446
1588
1869
1841
1668
1054
1990
1247
1420
1318
1302
1394
1737
1889
1899
1182
2251
1579
1401
1566
1821
1187
1738
2319
2039
1076
1263
1860
2095
1526
1387
1584
2165
1407
1734
1027
1744
1387
1399
1471
1776
1693
1852
1616
1546
1185
1137
1448
2043
1610
1361
1958
1534
1189
1165
1741
2339
1540
1288
1194
1740
1595
3339
1681
2226
1473
1861
1741
985
1568
1781
1538
1799
1512
1562
1615
2432
1206
2188
1590
2469
1312
2304
1098
1883
2068
1491
993
1910
2081
1930
794
2560
967
1876
1486
2128
1664
2007
1594
1920
1642
1152
1692
2918
1661
509
1416
2061
1735
2599
1514
1555
1376
1463
1949
2203
1564
1722
1839
2021
1312
2411
1951
1819
1171
2352
1528
2295
2161
2237
1539
2458
1419
2027
1424
1578
1258
2368
1608
1761
1350
2188
1824
1391
1409
2379
1756
1975
1285
1711
1445
1529
1075
1057
1753
2480
1995
1890
1616
1971
1474
2145
2060
1841
1671
1987
2035
1996
1783
2190
2074
1306
