Starting data capturing
Starting data capturing
Channel 0 Data:
0
0
0
0
0
0
0
0
0
0
0
0
0
0
0
0
0
0
0
0
0
0
0
0
0
0
0
0
0
0
0
0
0
0
0
0
0
0
0
0
0
0
0
0
0
0
0
0
0
0
0
0
0
0
0
0
0
0
0
0
0
0
0
0
0
0
0
0
0
0
0
0
0
0
0
0
0
0
0
0
0
0
0
0
0
0
0
0
0
0
0
0
0
0
0
0
0
0
0
0
0
0
0
0
0
0
0
0
0
0
0
0
0
0
0
0
0
0
0
0
0
0
0
0
0
0
0
0
0
0
0
0
0
0
0
0
0
0
0
0
0
0
0
0
0
0
0
0
0
0
0
0
0
0
0
0
0
0
0
0
0
0
0
0
0
0
0
0
0
0
0
0
0
0
0
0
0
0
0
0
0
0
0
0
0
0
0
0
0
0
0
0
0
0
0
0
0
0
0
0
0
0
0
0
0
0
0
0
0
0
0
0
0
0
0
0
0
0
0
0
0
0
0
0
0
0
0
0
0
0
0
0
0
0
0
0
0
0
0
0
0
0
0
0
0
0
0
0
0
0
0
0
0
0
0
0
0
0
0
0
0
0
0
0
0
0
0
0
0
0
0
0
0
0
0
0
0
0
0
0
0
0
0
0
0
0
0
0
0
0
0
0
0
0
0
0
0
0
0
0
0
0
0
0
0
0
0
0
0
0
0
0
0
0
0
0
0
0
0
0
0
0
0
0
0
0
0
0
0
0
0
0
0
0
0
0
0
0
0
0
0
0
0
0
0
0
0
0
0
0
0
0
0
0
0
0
0
0
0
0
0
0
0
0
0
0
0
0
0
0
0
0
0
0
0
0
0
0
0
0
0
0
0
0
0
0
0
0
0
0
0
0
0
0
0
0
0
0
0
0
0
0
0
0
0
0
0
0
0
0
0
0
0
0
0
0
0
0
0
0
0
0
0
0
0
0
0
0
0
0
0
0
0
0
0
0
0
0
0
0
0
0
0
0
0
0
0
0
0
0
0
0
0
0
0
0
0
0
0
0
0
0
0
0
0
0
0
0
0
0
0
0
0
0
0
0
0
0
0
0
0
0
0
0
0
0
0
0
0
0
0
0
0
0
0
0
0
0
0
0
0
0
0
0
0
0
0
0
0
0
0
0
0
0
0
0
0
0
0
0
0
0
0
0
0
0
0
0
0
0
0
0
0
0
0
0
0
0
0
0
0
0
0
0
0
0
0
0
0
0
0
0
0
0
0
0
0
0
0
0
0
0
0
0
0
0
0
0
0
0
0
0
0
0
0
0
0
0
0
0
0
0
0
0
0
0
0
0
0
0
0
0
0
0
0
0
0
0
0
0
0
0
0
0
0
0
0
0
0
0
0
0
0
0
0
0
0
0
0
0
0
0
0
0
0
0
0
0
0
0
0
0
0
0
0
0
0
0
0
0
0
0
0
0
0
0
0
0
0
0
0
0
0
0
0
0
0
0
0
0
0
0
0
0
0
0
0
0
0
0
0
0
0
0
0
0
0
0
0
0
0
0
0
0
0
0
0
0
0
29
0
32
2
45
60
81
92
52
150
160
164
190
199
181
231
242
240
321
289
239
271
368
353
415
365
347
423
375
437
368
473
396
425
548
498
467
459
530
495
508
467
564
502
550
498
544
538
559
502
560
533
517
482
527
494
558
482
524
492
559
490
527
535
539
543
531
510
619
525
554
556
623
557
559
546
583
471
515
521
531
591
555
477
528
543
512
552
603
546
590
509
605
589
648
580
669
627
598
560
607
601
638
609
608
574
608
584
600
642
594
653
670
654
710
664
638
706
719
769
717
721
760
787
760
748
791
781
746
804
804
830
802
867
808
774
778
774
763
785
824
816
824
829
786
806
840
814
809
885
862
848
861
809
843
887
908
817
865
788
813
782
883
822
800
842
820
860
869
881
839
919
860
882
841
849
879
978
844
912
867
894
850
870
890
869
856
875
877
947
878
884
893
945
888
906
944
889
933
892
962
879
988
865
908
847
975
894
855
838
885
909
875
828
911
874
907
868
928
943
826
853
865
832
854
868
869
833
895
850
926
902
825
823
874
900
888
849
893
920
854
828
894
884
882
855
880
889
870
831
867
865
883
911
904
859
850
861
859
890
920
913
884
825
804
863
823
803
806
883
808
774
792
813
779
736
764
800
831
741
724
780
732
663
716
770
740
728
761
705
740
670
764
718
715
737
674
693
654
701
661
677
648
720
707
720
662
680
669
622
694
729
635
683
684
663
670
655
676
627
621
612
664
620
574
604
605
619
601
535
575
575
604
486
499
567
543
467
492
557
472
476
502
484
463
535
516
531
501
440
461
419
442
440
469
401
466
444
426
435
401
476
467
439
406
417
459
395
428
403
395
376
429
406
364
366
429
418
365
373
353
369
392
365
365
325
374
367
392
320
383
323
368
328
344
317
369
277
342
301
320
342
338
339
319
279
306
307
238
289
320
308
278
343
341
357
299
250
287
311
349
326
343
375
414
356
464
491
496
445
509
524
590
587
698
693
760
709
756
749
756
757
742
748
702
656
695
679
733
756
736
780
710
801
744
812
797
844
890
909
966
1050
1072
1014
1121
1090
1106
1130
1088
1161
1109
1089
1140
1128
1067
1057
1090
1035
1076
1070
1070
1051
991
999
963
942
958
910
930
880
869
900
806
837
841
818
742
751
762
756
734
704
697
631
695
608
634
626
563
621
626
576
512
556
576
522
548
512
488
500
454
401
420
406
383
311
326
371
310
248
247
291
283
204
208
227
194
134
181
156
101
101
20
27
58
37
0
0
2
0
0
0
0
0
0
0
0
0
0
0
0
0
0
0
0
0
0
0
0
0
0
0
0
0
0
0
0
0
0
0
0
0
0
0
0
0
0
0
0
0
0
0
0
0
0
0
0
0
0
0
0
0
0
0
0
0
0
0
0
0
0
0
0
0
0
0
0
0
0
0
0
0
0
0
0
0
0
0
0
0
0
0
0
0
0
0
0
0
0
0
0
0
0
0
0
0
0
0
0
0
0
0
0
0
0
0
0
0
0
0
0
0
0
0
0
0
0
0
0
0
0
0
0
0
0
0
0
0
0
0
0
0
0
0
0
0
0
0
0
0
0
0
0
0
0
0
0
0
0
0
0
0
0
0
0
0
0
0
0
0
0
0
0
0
0
0
0
0
0
0
0
0
0
0
0
0
0
0
0
0
0
0
0
0
0
0
0
0
0
0
0
0
0
0
0
0
0
0
0
0
0
0
0
0
0
0
0
0
0
0
0
0
0
0
0
0
0
0
0
0
0
0
0
0
0
0
0
0
0
0
0
0
0
0
0
0
0
0
0
0
0
0
0
0
0
0
0
0
0
0
0
0
0
0
0
0
0
0
0
0
0
0
0
0
0
0
0
0
0
0
0
0
0
0
0
0
0
0
0
0
0
0
0
0
0
0
0
0
0
0
0
0
0
0
0
0
0
0
0
0
0
0
0
0
0
0
0
0
0
0
0
0
0
0
0
0
0
0
0
0
0
0
0
0
0
0
0
0
0
0
0
0
0
0
0
0
0
0
0
0
0
0
0
0
0
0
0
0
0
0
0
0
0
0
0
0
0
0
0
0
0
0
0
0
0
0
0
0
0
0
0
0
0
0
0
0
0
0
0
0
0
0
0
0
0
21
16
57
69
88
42
57
111
134
121
99
175
211
180
141
211
217
180
181
197
149
130
66
68
78
1
0
0
0
0
0
0
0
0
0
0
0
0
0
0
0
71
198
304
371
444
540
583
664
713
813
793
855
879
874
922
972
975
1018
1049
1084
1110
1134
1160
1211
1174
1226
1215
1270
1281
1309
1365
1311
1352
1384
1428
1392
1407
1443
1452
1425
1447
1481
1437
1486
1485
1493
1509
1464
1472
1488
1464
1439
1456
1490
1470
1464
1443
1459
1465
1502
1442
1488
1445
1449
1418
1409
1433
1445
1441
1460
1446
1437
1463
1432
1467
1457
1456
1446
1482
1474
1481
1463
1477
1485
1523
1517
1499
1525
1512
1462
1515
1503
1568
1519
1511
1540
1556
1518
1462
1455
1458
1430
1411
1425
1399
1420
1396
1399
1395
1390
1372
1424
1408
1426
1377
1372
1383
1381
1365
1392
1382
1357
1394
1345
1369
1363
1366
1418
1341
1366
1383
1392
1373
1335
1373
1410
1379
1338
1425
1348
1364
1405
1387
1341
1366
1434
1363
1372
1371
1393
1386
1388
1317
1407
1376
1394
1356
1333
1397
1372
1360
1380
1421
1468
1345
1424
1385
1448
1384
1448
1405
1448
1411
1476
1409
1431
1408
1427
1407
1442
1440
1447
1414
1428
1400
1391
1408
1446
1448
1473
1408
1435
1451
1405
1410
1440
1442
1398
1396
1437
1437
1395
1358
1424
1372
1402
1352
1439
1382
1362
1372
1404
1383
1353
1388
1502
1392
1433
1343
1363
1368
1407
1381
1372
1408
1439
1448
1475
1464
1522
1490
1472
1484
1542
1473
1464
1501
1493
1464
1450
1413
1451
1437
1411
1422
1430
1412
1430
1418
1474
1428
1439
1365
1410
1407
1423
1351
1433
1382
1428
1322
1391
1358
1298
1307
1338
1288
1331
1272
1323
1276
1290
1263
1365
1396
1300
1273
1329
1347
1313
1313
1320
1325
1320
1363
1341
1260
1269
1343
1282
1239
1294
1367
1347
1308
1329
1324
1282
1300
1301
1378
1314
1317
1359
1335
1293
1268
1306
1314
1260
1243
1278
1331
1330
1271
1223
1304
1301
1235
1247
1271
1233
1184
1224
1193
1267
1280
1247
1217
1247
1225
1272
1182
1266
1224
1266
1228
1200
1202
1187
1180
1199
1272
1271
1232
1286
1206
1174
1206
1245
1257
1124
1149
1209
1217
1153
1149
1154
1176
1201
1212
1235
1189
1144
1256
1204
1240
1191
1189
1227
1164
1127
1138
1178
1141
1150
1085
1149
1143
1174
1203
1180
1146
1183
1167
1097
1205
1194
1248
1167
1084
1175
1187
1178
1149
1178
1188
1168
1161
1174
1187
1145
1121
1134
1125
1092
1176
1104
1180
1165
1129
1186
1177
1099
1137
1165
1180
1142
1155
1157
1166
1151
1111
1180
1199
1114
1133
1170
1164
1123
1178
1225
1188
1160
1170
1194
1183
1175
1188
1189
1250
1147
1187
1116
1152
1140
1256
1166
1152
1238
1179
1160
1134
1217
1121
1201
1169
1234
1186
1194
1157
1158
1176
1135
1178
1196
1163
1166
1132
1238
1185
1286
1180
1156
1212
1196
1143
1150
1180
1191
1129
1127
1110
1154
1223
1170
1133
1150
1196
1110
1133
1160
1144
1182
1136
1191
1225
1164
1266
1266
1267
1296
1306
1321
1358
1393
1391
1488
1455
1507
1492
1586
1580
1606
1563
1617
1725
1663
1693
1766
1796
1766
1759
1830
1818
1854
1797
1851
1828
1792
1813
1845
1808
1767
1838
1915
1929
1891
1923
1963
2031
2030
2047
2043
2036
2074
2094
2042
2008
1969
1981
1899
1988
2005
1940
1927
2001
1958
1914
1969
1877
1860
1924
1838
1870
1823
1844
1755
1808
1735
1783
1690
1645
1625
1686
1659
1595
1626
1570
1601
1589
1577
1525
1487
1427
1434
1419
1415
1422
1350
1349
1296
1367
1310
1285
1331
1257
1216
1187
1167
1189
1183
1175
1152
1148
1077
1081
1039
1070
1018
966
942
990
944
918
895
927
838
877
872
831
847
773
762
766
742
747
745
690
728
689
662
662
617
649
658
653
568
564
564
529
540
528
465
488
475
501
461
470
368
389
392
354
398
341
291
305
253
287
236
230
182
235
201
163
174
150
126
102
119
72
72
47
0
40
16
0
0
0
0
0
0
0
0
0
0
0
0
0
0
0
0
0
0
0
0
0
0
0
0
0
0
0
0
0
0
0
0
0
0
0
0
0
0
0
0
0
0
0
0
0
0
0
0
0
0
0
0
0
0
0
0
0
0
0
0
0
0
0
0
0
0
0
0
0
0
0
0
0
0
0
0
0
0
0
0
0
0
0
0
0
0
0
0
0
0
0
0
0
0
0
0
0
0
0
0
0
0
0
0
0
0
0
0
0
0
0
0
0
0
0
0
0
0
0
0
0
0
0
0
0
0
0
0
0
0
0
0
0
0
0
0
0
0
0
0
0
0
0
0
0
0
0
0
0
0
0
0
0
0
0
0
0
0
0
0
0
0
0
0
0
0
0
0
0
0
0
0
0
0
0
0
0
0
0
0
0
0
0
0
0
0
0
0
0
0
0
0
0
0
0
0
0
0
0
0
0
0
0
0
0
0
0
0
0
0
0
0
0
0
0
0
0
0
0
0
0
0
0
0
0
0
0
0
0
0
0
0
0
0
0
0
0
0
0
0
0
0
0
0
0
0
0
0
0
0
0
0
0
0
0
0
0
0
0
0
0
0
0
0
0
0
0
0
0
0
0
0
0
0
0
0
0
0
0
0
0
0
0
0
0
0
0
0
0
0
0
0
0
0
0
0
0
0
0
0
0
0
0
0
0
0
0
0
0
0
0
0
0
0
0
0
0
0
0
0
0
0
20
124
138
205
319
347
389
423
519
578
642
660
703
786
867
870
928
960
1020
1001
1041
1092
1127
1168
1186
1224
1260
1272
1290
1306
1335
1358
1356
1370
1388
1449
1458
1456
1479
1489
1496
1507
1516
1505
1529
1538
1537
1516
1533
1491
1569
1560
1554
1529
1552
1539
1563
1517
1521
1537
1540
1494
1559
1511
1547
1507
1528
1488
1474
1464
1537
1526
1589
1543
1525
1503
1506
1518
1458
1497
1462
1511
1494
1523
1469
1522
1488
1479
1499
1495
1536
1496
1525
1529
1525
1513
1573
1525
1548
1522
1536
1493
1542
1545
1591
1570
1584
1534
1611
1557
1533
1520
1566
1577
1597
1543
1611
1561
1527
1525
1580
1562
1564
1535
1479
1555
1523
1541
1595
1535
1577
1554
1559
1548
1547
1573
1531
1563
1585
1573
1599
1559
1637
1565
1590
1557
1609
1597
1602
1554
1590
1587
1615
1586
1626
1546
1590
1553
1553
1539
1551
1471
1540
1505
1431
1480
1544
1476
1452
1389
1460
1454
1443
1409
1412
1415
1429
1426
1424
1359
1409
1381
1387
1364
1377
1423
1347
1302
1396
1342
1315
1335
1279
1342
1359
1266
1351
1288
1275
1234
1309
1257
1249
1225
1240
1194
1212
1233
1201
1196
1194
1195
1230
1176
1209
1129
1169
1192
1194
1099
1173
1156
1170
1173
1196
1152
1154
1192
1219
1101
1146
1181
1158
1202
1144
1174
1123
1160
1158
1162
1119
1116
1135
1165
1074
1048
1180
1139
1143
1129
1093
1186
1133
1114
1130
1120
1134
1027
1109
1124
1114
1040
1111
1078
1067
1088
1117
1104
1059
1086
1145
1062
1129
1097
1145
1118
1129
1092
1099
1074
1110
1092
1074
1119
1126
1109
1129
1106
1050
1072
1083
1121
1072
1060
1047
1110
1024
1045
1059
1060
1128
1029
1053
1014
1028
1122
1045
1042
991
1104
1037
1048
1046
1119
1063
1039
1043
1085
1019
1020
1016
1024
975
1005
1055
997
1038
1085
1033
1035
1030
1001
1085
1020
1096
1018
1031
1076
1088
1047
1074
1031
1065
1074
1019
1012
1033
1094
1048
1036
999
1051
1040
1031
1107
1073
1008
1042
1111
1026
1032
1024
1060
1093
1066
990
1083
1055
994
971
1001
1017
978
991
983
996
1024
1037
1041
1015
1079
1046
1028
1054
1008
1110
1045
1049
1045
1038
1036
993
992
1028
1049
1033
1012
1019
1031
1035
1032
1029
991
1022
1043
1067
1067
990
1056
1063
1053
936
1025
1020
1130
1031
992
996
1011
985
1078
991
985
1054
1085
1034
1032
998
971
1037
1023
1075
1079
1062
1107
1057
971
1028
1049
1063
1024
1042
1019
1077
1019
1033
1007
1002
988
1005
1067
1064
1008
1052
988
1043
1001
978
1014
1074
998
1064
979
1027
1042
994
1038
1033
1024
1000
1039
1065
1081
1053
970
1061
1079
1041
1018
1051
1006
1035
1014
1014
1045
1056
1005
1049
1027
1003
1053
1021
1085
1095
1092
1066
1101
1161
1101
1124
1122
1212
1262
1223
1274
1318
1315
1302
1394
1385
1434
1508
1503
1537
1513
1533
1525
1597
1605
1568
1572
1566
1577
1568
1650
1609
1602
1604
1605
1649
1674
1683
1639
1634
1645
1634
1660
1684
1680
1695
1706
1721
1668
1690
1704
1656
1694
1700
1701
1760
1680
1697
1701
1683
1750
1772
1833
1772
1809
1843
1818
1864
1933
1912
1898
1795
1880
1833
1851
1822
1840
1841
1863
1820
1828
1808
1748
1737
1753
1684
1693
1695
1723
1644
1653
1653
1663
1666
1581
1544
1565
1562
1509
1488
1470
1480
1467
1425
1447
1416
1421
1459
1383
1371
1376
1381
1337
1296
1317
1292
1251
1262
1251
1239
1267
1178
1215
1192
1156
1182
1196
1198
1109
1102
1133
1109
1121
1074
1085
1089
1110
1051
1027
1040
996
993
1006
958
991
965
927
954
913
898
886
910
891
877
852
830
802
838
805
740
763
741
723
723
716
677
698
642
641
619
658
616
595
551
599
558
550
504
528
474
459
498
426
451
376
436
400
384
309
314
319
316
323
308
276
279
274
256
219
211
147
169
165
206
180
108
59
137
92
14
20
24
30
33
37
0
0
0
0
0
0
0
0
0
0
0
0
0
0
0
0
0
0
0
0
0
0
0
0
0
0
0
0
0
0
0
0
0
0
0
0
0
0
0
0
0
0
0
0
0
0
0
0
0
0
0
0
0
0
0
0
0
0
0
0
0
0
0
0
0
0
0
0
0
0
0
0
0
0
0
0
0
0
0
0
0
0
0
0
0
0
0
0
0
0
0
0
0
0
0
0
0
0
0
0
0
0
0
0
0
0
0
0
0
0
0
0
0
0
0
0
0
0
0
0
0
0
0
0
0
0
0
0
0
0
0
0
0
0
0
0
0
0
0
0
0
0
0
0
0
0
0
0
0
0
0
0
0
0
0
0
0
0
0
0
0
0
0
0
0
0
0
0
0
0
0
0
0
0
0
0
0
0
0
0
0
0
0
0
0
0
0
0
0
0
0
0
0
0
0
0
0
0
0
0
0
0
0
0
0
0
0
0
0
0
0
0
0
0
0
0
0
0
0
0
0
0
0
0
0
0
0
0
0
0
0
0
0
0
51
80
147
220
273
355
437
493
526
573
647
656
747
707
746
788
805
838
910
904
903
905
938
876
864
816
775
814
816
830
832
834
794
814
762
748
796
762
783
736
767
756
712
715
801
784
787
763
792
741
682
717
736
774
763
706
705
778
795
693
662
729
788
692
707
747
764
775
699
759
719
763
763
751
780
742
694
756
810
748
738
781
803
820
773
806
818
828
747
798
780
809
823
829
766
800
794
783
849
838
780
764
750
805
785
796
746
750
778
748
767
764
738
735
755
738
696
713
739
736
738
723
735
739
699
729
689
723
704
680
698
664
691
688
671
622
663
640
610
612
650
663
656
678
680
682
680
653
696
670
719
663
664
688
689
675
687
731
730
700
748
736
722
711
721
761
755
714
691
711
705
674
679
725
754
809
811
913
909
906
908
936
995
1033
1079
1048
1129
1089
1132
1147
1178
1204
1228
1217
1243
1268
1280
1224
1260
1300
1309
1305
1339
1330
1270
1290
1296
1324
1312
1282
1342
1313
1357
1308
1338
1363
1361
1365
1331
1324
1346
1315
1235
1270
1251
1289
1223
1231
1199
1222
1194
1211
1252
1194
1160
1182
1183
1200
1180
1191
1232
1210
1171
1173
1190
1211
1172
1147
1139
1146
1136
1111
1123
1191
1139
1127
1150
1141
1156
1131
1184
1143
1178
1144
1150
1119
1137
1139
1177
1086
1156
1100
1172
1123
1085
1177
1161
1164
1201
1161
1193
1158
1103
1171
1173
1161
1147
1166
1148
1141
1120
1187
1133
1147
1177
1186
1237
1174
1212
1203
1185
1178
1228
1218
1218
1201
1245
1198
1243
1198
1257
1208
1178
1167
1208
1187
1251
1206
1217
1217
1259
1175
1188
1166
1205
1195
1188
1143
1179
1156
1173
1163
1110
1156
1118
1108
1174
1095
1174
1144
1199
1125
1115
1130
1131
1140
1143
1088
1124
1082
1063
1075
1114
1050
967
1025
1026
1047
1050
1006
1061
1011
1000
1019
1038
1038
1010
1041
1104
1013
1083
1069
1093
1080
1000
1060
1147
1068
1080
1071
1046
1069
1057
1043
1051
1002
1083
1061
1010
994
1020
1038
977
987
1044
997
997
962
1032
986
1001
964
977
968
986
967
955
963
910
960
913
944
947
888
1024
970
925
931
898
955
969
870
878
917
940
907
925
887
896
894
899
879
870
908
895
896
902
874
899
885
858
898
898
862
834
852
888
839
863
885
892
836
905
901
857
828
891
830
900
822
893
874
866
830
864
824
854
807
862
840
831
824
878
843
900
813
829
818
834
784
803
815
860
833
739
764
815
827
817
694
817
803
768
819
788
766
848
787
799
770
792
780
807
782
810
765
814
750
844
814
813
847
867
794
797
798
827
686
767
853
819
855
734
793
768
711
798
769
796
827
824
875
811
899
980
873
963
938
953
1059
1070
1111
1137
1217
1224
1296
1295
1362
1424
1390
1367
1353
1406
1440
1363
1391
1385
1364
1481
1432
1451
1427
1424
1404
1453
1375
1414
1386
1484
1434
1440
1451
1505
1487
1528
1471
1438
1464
1459
1452
1431
1451
1418
1435
1402
1400
1398
1418
1371
1380
1413
1434
1370
1356
1307
1360
1371
1309
1309
1304
1266
1300
1269
1256
1290
1201
1206
1222
1200
1226
1199
1248
1293
1139
1227
1183
1170
1076
1184
1179
1174
1082
1080
1135
1146
1103
1055
1053
1035
1074
1067
1053
1114
983
1097
1048
996
997
1003
974
1033
1008
1024
951
992
988
944
875
933
962
937
991
1001
997
1030
1021
1048
1051
1103
1004
1026
1017
978
951
995
1024
971
918
991
986
998
977
942
919
928
880
910
904
893
923
894
927
817
921
822
789
862
778
854
851
829
818
831
773
765
731
718
707
680
718
743
705
714
692
607
642
606
651
619
564
583
599
510
474
533
482
504
430
405
401
438
405
365
372
408
366
349
330
306
273
345
232
262
209
200
234
175
140
102
179
113
107
66
36
87
38
0
20
19
18
0
0
0
0
0
0
0
0
0
0
0
0
0
0
0
0
0
0
0
0
0
0
0
0
0
0
0
0
0
0
0
0
0
0
0
0
0
0
0
0
0
0
0
0
0
0
0
0
0
0
0
0
0
0
0
0
0
0
0
0
0
0
0
0
0
0
0
0
0
0
0
0
0
0
0
0
0
0
0
0
0
0
0
0
0
0
0
0
0
0
0
0
0
0
0
0
0
0
0
0
0
0
0
0
0
0
0
0
0
0
0
0
0
0
0
0
0
0
0
0
0
0
0
0
0
0
0
0
0
0
0
0
0
0
0
0
0
0
0
0
0
0
0
0
0
0
0
0
0
0
0
0
0
0
0
0
0
0
0
0
0
0
0
0
0
0
0
0
0
0
0
0
0
0
0
0
0
0
0
0
0
0
0
0
0
0
0
0
0
0
0
0
0
0
0
0
0
0
0
0
0
0
0
0
0
0
0
0
0
0
0
0
0
0
0
0
0
0
0
0
0
0
0
0
0
0
0
0
0
0
0
0
0
0
0
0
0
0
0
0
0
0
0
0
0
0
0
0
0
0
0
0
0
0
0
0
0
0
0
0
0
0
0
0
0
0
0
0
0
0
0
0
0
0
0
0
0
0
0
0
0
0
0
0
0
0
0
0
0
0
0
0
0
0
0
0
0
0
0
0
0
0
0
0
0
0
0
0
0
0
0
0
0
0
0
0
0
0
0
0
0
0
0
0
0
0
0
0
0
0
0
0
0
0
0
0
59
71
189
247
269
407
393
464
521
586
582
694
715
731
768
850
852
911
893
941
985
1030
998
1088
1118
1089
1115
1112
1174
1234
1266
1193
1209
1310
1371
1260
1316
1338
1377
1310
1367
1344
1416
1387
1416
1363
1390
1388
1382
1420
1366
1363
1416
1423
1411
1347
1404
1410
1450
1382
1360
1420
1421
1399
1358
1330
1437
1396
1417
1386
1422
1387
1383
1317
1423
1374
1334
1430
1359
1352
1374
1340
1332
1362
1375
1363
1374
1370
1358
1348
1325
1388
1400
1314
1349
1377
1363
1336
1322
1383
1330
1320
1255
1316
1345
1313
1313
1320
1306
1285
1269
1332
1230
1276
1198
1254
1220
1220
1206
1227
1216
1256
1252
1259
1211
1197
1195
1237
1204
1218
1192
1136
1179
1137
1136
1159
1123
1096
1132
1082
1040
1131
1104
1064
1128
1071
1069
1087
1060
1048
1070
1095
1026
1062
1085
1030
1029
1051
1067
1137
1068
1129
1125
1064
1056
1074
1084
1117
1118
1146
1173
1185
1120
1158
1188
1221
1212
1219
1273
1256
1246
1240
1263
1293
1267
1271
1267
1275
1261
1259
1237
1262
1234
1214
1246
1267
1226
1258
1260
1250
1254
1223
1205
1190
1158
1228
1261
1215
1207
1165
1140
1183
1195
1118
1111
1136
1179
1133
1100
1121
1128
1089
1088
1109
1123
1106
1058
1043
1060
1071
1125
1079
1029
1051
1085
1111
1085
1064
1115
1056
1048
1085
1075
1070
1095
1128
1100
1107
1121
1103
1087
1069
1083
1120
1137
1120
1075
1093
1104
1104
1086
1125
1162
1120
1087
1102
1131
1137
1130
1060
1054
1125
1083
1112
1044
1077
1067
1054
1038
1029
1056
1090
1045
1061
1082
1028
998
987
993
1010
960
1004
1001
998
993
984
1002
1002
1013
981
987
976
1015
965
964
942
953
971
984
953
1013
953
935
993
932
984
966
925
955
983
975
978
980
1006
951
969
945
956
968
1004
987
976
930
998
952
904
979
986
945
971
923
966
927
896
973
971
929
896
903
929
913
925
904
955
915
912
971
911
891
898
908
941
905
932
939
894
911
904
896
936
931
913
922
910
909
884
914
892
955
909
960
930
884
939
904
928
929
930
884
920
860
883
892
904
907
888
900
921
938
926
887
891
866
921
906
898
861
905
896
955
859
905
852
910
882
911
882
916
883
857
892
860
852
872
879
864
889
884
843
861
858
834
827
831
820
829
866
882
832
824
839
875
818
825
817
903
848
833
863
824
861
885
801
841
815
832
864
883
880
883
857
927
895
983
957
1022
1099
1136
1127
1134
1175
1170
1198
1260
1267
1240
1221
1230
1193
1229
1215
1190
1259
1264
1281
1236
1262
1258
1250
1236
1234
1276
1297
1281
1329
1352
1345
1355
1372
1465
1442
1413
1468
1443
1448
1460
1515
1472
1524
1457
1416
1496
1428
1493
1460
1464
1502
1475
1429
1469
1467
1406
1408
1394
1397
1390
1358
1397
1374
1403
1380
1439
1426
1394
1401
1356
1431
1419
1377
1417
1327
1398
1401
1344
1372
1375
1384
1376
1416
1364
1365
1346
1320
1360
1265
1384
1288
1314
1298
1336
1239
1312
1248
1227
1299
1261
1242
1218
1186
1228
1209
1194
1183
1145
1162
1142
1155
1136
1123
1173
1099
1105
1085
1149
1132
1080
1082
1082
1092
1045
1082
1076
1021
1040
1067
1012
1053
1011
1016
1014
1022
984
1007
980
987
939
997
1018
1082
1135
1144
1230
1190
1231
1257
1277
1258
1293
1203
1292
1222
1227
1195
1237
1161
1189
1211
1184
1168
1190
1104
1153
1124
1135
1091
1118
1099
1064
1093
1088
1076
1051
1026
996
1027
994
962
935
975
988
917
881
896
951
935
904
878
878
877
904
874
809
836
815
840
821
821
797
823
773
799
753
764
714
734
775
685
735
704
702
635
694
635
621
634
607
610
616
573
572
522
552
488
487
475
473
481
483
417
459
395
432
403
387
385
377
314
276
310
271
273
263
247
239
193
148
126
155
97
75
150
77
54
69
56
57
0
10
0
0
0
0
0
0
0
0
0
0
0
0
0
0
0
0
0
0
0
0
0
0
0
0
0
0
0
0
0
0
0
0
0
0
0
0
0
0
0
0
0
0
0
0
0
0
0
0
0
0
0
0
0
0
0
0
0
0
0
0
0
0
0
0
0
0
0
0
0
0
0
0
0
0
0
0
0
0
0
0
0
0
0
0
0
0
0
0
0
0
0
0
0
0
0
0
0
0
0
0
0
0
0
0
0
0
0
0
0
0
0
0
0
0
0
0
0
0
0
0
0
0
0
0
0
0
0
0
0
0
0
0
0
0
0
0
0
0
0
0
0
0
0
0
0
0
0
0
0
0
0
0
0
0
0
0
0
0
0
0
0
0
0
0
0
0
0
0
0
0
0
0
0
0
0
0
0
0
0
0
0
0
0
0
0
0
0
0
0
0
0
0
0
0
0
0
0
0
0
0
0
0
0
0
0
0
0
0
0
0
0
0
0
0
0
0
0
0
0
0
0
0
0
0
0
0
0
0
0
0
0
0
0
0
0
0
0
0
0
0
0
0
0
0
0
0
0
0
0
0
0
0
0
0
0
0
0
0
0
0
0
0
0
0
0
0
0
0
0
0
0
0
0
0
0
0
0
0
0
0
0
0
0
0
0
0
0
0
0
0
0
0
0
0
0
0
0
0
0
0
0
0
0
0
0
0
0
0
0
0
0
0
0
0
0
0
0
0
0
0
0
0
0
0
0
0
0
0
0
0
0
0
0
0
0
0
0
0
0
0
0
0
0
0
0
0
0
0
0
0
0
0
0
0
0
0
0
0
0
0
0
0
0
0
0
0
0
0
0
0
0
0
0
0
0
0
0
0
0
0
0
0
0
0
0
0
0
0
0
0
0
0
0
0
0
0
0
0
0
0
0
0
0
0
0
0
0
0
0
0
0
0
0
0
0
0
0
0
0
0
0
0
0
0
0
0
0
0
0
0
0
0
0
0
0
0
0
0
0
0
0
0
0
0
0
0
0
0
0
0
0
0
0
0
0
0
0
0
0
0
0
0
0
0
0
0
0
0
0
0
0
0
0
0
0
0
0
0
0
0
0
0
0
0
0
0
0
0
0
0
0
0
0
0
0
0
0
0
0
0
0
0
0
0
0
0
0
0
0
0
0
0
0
0
0
0
0
0
0
0
0
0
0
0
0
0
0
0
0
0
0
0
0
0
0
0
0
0
0
0
0
0
0
0
0
0
0
0
0
0
0
0
0
0
0
0
0
0
0
0
0
0
0
0
0
0
0
0
0
0
0
0
0
0
0
0
0
0
0
0
Channel 1 Data:
456
1467
1522
1726
1732
630
1633
1234
1374
1329
1167
286
898
923
1754
1749
1438
752
1636
1233
1114
1449
1098
988
1389
1481
1542
1408
1318
1633
879
1786
1236
1868
902
912
1676
1717
1528
674
1258
1553
2304
640
1870
1442
1798
1595
871
2038
1310
1361
1570
531
777
1207
1190
1264
1085
1149
1239
1295
1134
1879
1817
1505
888
1036
1033
1304
1350
1718
996
1179
1270
1717
545
1518
608
1234
1488
1190
1541
865
1616
1903
1004
1869
570
1932
1678
1464
594
1703
1915
1649
868
1609
896
1321
963
1342
981
1602
1428
1638
1638
1720
950
1618
1111
1345
1518
1557
1300
1711
1197
1159
1243
1088
372
954
1228
1460
1383
1159
1915
1011
1462
1543
1858
1182
1876
1107
1437
1229
1601
1575
1450
717
1092
919
986
1091
895
1686
1028
1510
810
1337
1383
879
1816
1704
972
698
1939
1029
567
1635
1386
1233
1272
1159
1136
927
920
1016
1092
1122
989
844
1352
1279
1104
1342
1789
949
1129
1180
1098
1518
1936
1120
1351
691
1136
1352
1115
1633
979
992
1577
1216
1332
1584
982
768
1534
1543
1328
1989
1424
1502
810
1258
1329
879
898
1311
1130
1318
1223
1186
1038
1003
1061
1122
1743
942
393
1575
1311
1957
418
810
536
1247
1067
1574
640
1284
1253
1121
1019
1417
1104
825
727
1002
1139
1000
1554
1117
866
1859
1378
1459
1294
1614
802
1290
647
832
1160
1150
1370
1578
1177
1336
1101
971
570
1114
968
2122
732
1457
1282
759
1197
2039
1558
1223
1352
1400
639
1040
1576
1497
1221
2043
571
1076
771
963
1063
1356
892
1287
1196
1258
1749
758
1328
1227
1158
631
1216
1259
1743
1001
1114
1386
1469
667
1069
933
809
1677
1665
1802
1391
1246
1176
1513
576
1165
1619
1706
566
819
1899
1858
1524
1520
1444
992
794
1409
828
1405
976
1187
894
1335
1111
1731
1757
1502
625
1171
1886
1078
754
2011
1251
1816
683
800
1154
1380
1363
994
1810
1095
1062
1413
1143
1361
714
2078
1114
1029
493
1334
469
1200
950
1318
1381
897
944
1280
1472
1442
631
1243
1002
1485
702
2010
539
1068
1307
1069
1643
1370
1070
921
720
1251
524
1140
1500
1800
840
1903
1605
1360
676
1377
780
1025
1678
1886
1168
983
742
1160
1249
1090
1282
1051
951
854
1032
1045
1130
1186
701
1389
1182
1730
1087
1606
665
841
1404
1666
904
1436
720
993
1515
1341
994
1239
959
1144
1114
1561
1222
1094
999
1473
1335
1027
1273
1264
990
1118
1222
1196
1274
1251
903
1331
1067
900
972
1364
1106
363
1226
2156
967
1505
1024
1186
1061
1210
954
1121
1172
749
1550
1606
1088
1117
1087
1793
1191
1959
819
1201
1074
756
1172
1114
1161
720
1218
757
1099
1694
943
1264
924
1388
1011
1172
923
1673
889
1891
1107
1312
925
960
852
1500
1072
1209
1037
1181
1389
1427
1109
1471
1285
938
945
1102
1691
1974
1322
2174
1217
1031
1245
1287
1209
1241
1017
1465
786
1300
1511
1489
690
1622
1275
1117
1095
1344
1222
1565
831
1257
1217
1732
1044
1486
1271
1110
1332
1657
1402
1179
1622
1173
1115
1358
1321
1770
1104
1188
1223
1312
1252
1579
1632
1777
1334
1487
1323
1124
1059
1316
1063
1689
1289
1233
1086
1366
1253
1254
1290
1630
1132
1443
1404
1741
1204
939
1286
1306
1253
1425
1081
1298
1161
1258
1418
1264
1431
1050
1280
950
1008
2025
1239
1269
1118
1310
1226
2070
1106
1559
1542
1403
925
2023
1087
1122
1180
803
1015
1152
701
1082
1178
1903
1321
1146
907
1285
1072
917
1060
1199
1370
1043
1238
1681
1182
1406
1165
1311
871
1376
1237
1921
1019
1798
1223
2137
1156
901
791
1219
1180
834
769
1118
1302
1335
688
925
1073
1516
1095
1067
993
1234
1121
975
1008
1204
957
1109
1279
1314
951
945
1383
1503
1007
2571
1126
1560
1255
927
835
1213
1066
918
1024
1327
1222
1395
1326
755
1101
1346
768
1833
1365
882
1078
1805
866
1642
1235
691
1223
1108
1230
52
1282
249
596
2251
1146
886
548
1796
1039
1086
897
1359
1101
2223
1065
1652
1446
1504
969
1506
558
1171
658
1404
655
1485
774
1080
949
1565
734
1348
1164
907
1266
1136
737
2416
845
1985
1355
2455
1310
1941
1046
1729
223
1236
996
1158
1920
1690
286
1212
1030
1048
1167
2081
1410
1492
618
1539
1371
2395
1404
2425
1651
1089
765
1282
1176
1158
1550
1096
753
713
706
979
1037
471
1489
1506
379
1955
1198
848
1568
1396
2113
1264
1657
1373
1703
1436
1126
1067
1439
1136
1356
1293
1356
1196
1888
1164
507
846
399
246
782
1557
1105
976
1271
1086
1234
1356
933
1013
2058
1627
1305
1669
468
1319
1536
1785
891
1766
234
817
391
1995
915
379
1168
1342
1252
1362
1324
1762
2334
1458
1664
1056
646
848
2483
784
1212
712
1506
1064
720
716
753
784
1109
535
1809
693
1116
1479
1901
574
1242
2052
815
1929
727
1585
855
2544
991
1088
315
2056
1182
540
175
896
1323
850
19
1461
683
1483
752
1611
1548
766
1156
714
1116
1576
1502
1882
1131
1700
1104
2144
1441
1179
460
1067
816
1684
430
1323
1895
1164
457
1357
1182
1118
924
1453
1271
1040
1229
1144
1093
1280
1724
1805
912
1293
857
1530
1593
1816
2125
1394
806
522
1316
815
744
645
1642
877
714
967
1567
812
546
668
1706
1659
985
924
1513
791
79
881
1716
1122
1314
1574
1085
1177
395
1806
756
1388
1393
1293
893
855
1337
1302
1286
943
1382
1723
1811
1177
1428
1255
705
1460
1877
1161
1470
1520
1128
1692
1169
1551
1003
870
1481
1636
992
1063
1467
958
1113
996
717
1329
1186
1736
1144
477
1409
1316
443
726
1585
699
1009
811
1163
734
1710
1568
1889
1201
829
1419
635
1346
1006
1816
538
1003
1419
933
1712
619
1565
1579
1355
880
927
1659
855
2016
1165
1010
956
1445
1074
1296
750
1527
1280
641
1582
861
958
1059
1411
1789
1100
1325
969
1697
680
1188
878
1436
1503
1427
986
1531
141
881
1470
1197
1372
907
982
1242
643
950
1016
652
844
947
702
1082
1513
1294
1670
1151
566
813
1143
886
1128
1290
803
1369
710
1352
1138
874
705
1288
683
1147
932
1740
1274
1300
1011
1278
1383
1310
1317
1616
1211
1074
61
896
674
1244
1378
805
1457
58
1244
864
1459
202
987
1058
991
894
1531
1772
1041
1844
1200
1697
1865
833
1875
1331
1146
2149
1597
1107
1356
1245
602
1238
1332
1788
1632
940
1626
1345
1322
1464
830
1575
1100
1274
1450
1186
1308
1534
1668
1022
1026
1162
1130
1331
1440
1315
809
2056
1024
1094
881
688
1615
1202
1028
912
1246
1286
1064
2011
1657
1388
1594
1341
967
1242
1439
1371
1147
1007
1411
1254
1317
976
2096
1333
1183
1512
2065
1756
1325
2007
1697
1392
1694
996
1262
1667
1546
1014
1751
1930
1916
1824
1651
1521
1425
1520
1533
1616
1453
1388
2190
1469
1870
1033
1172
1592
1599
983
1409
1327
1891
1603
1039
1028
1764
1551
1479
1533
1031
1646
1301
1413
1878
1610
2116
930
1070
1707
1510
1630
1979
987
1983
1463
1494
1618
1439
1678
1452
2459
1988
2286
2012
1647
1684
1650
1335
1335
2147
2012
1389
1403
1655
1829
1978
1152
1952
1337
2054
1313
1178
1792
1923
1564
1194
1629
1592
1096
2257
1656
1060
1212
1408
1574
1485
665
1820
1672
1738
1027
2101
911
1860
1166
1655
1371
1417
1451
1240
1368
1213
1772
1336
899
1080
1965
1065
2297
1637
1261
1733
1513
2153
1974
1342
1119
1570
1220
1039
1854
1714
1636
1026
1303
2570
1689
1670
1433
1591
1244
961
1510
2012
1011
1041
1582
1742
1696
1221
1395
1543
1205
2057
996
1862
1108
1510
973
827
771
1692
1336
1972
1967
918
1250
1845
1381
1757
1963
1540
1584
1432
1458
1800
1197
1739
1477
1506
1673
1609
1166
1080
1232
1142
1498
1332
2003
1405
1910
1528
1554
2060
1209
1408
1467
1287
1750
2025
1449
1816
1338
2236
1426
1282
1538
1618
937
1942
1309
1982
1655
2215
1573
1619
1342
1463
1708
1190
1683
1359
1934
1747
1163
1941
1539
2047
1651
2066
1235
1358
1753
1249
864
1650
1585
2066
1656
1385
1947
1910
1947
1780
1168
1766
1283
1222
1825
1266
1806
1652
1985
1485
1331
1608
2071
1593
906
1451
1589
1715
1607
1827
1092
1479
1467
1253
1590
1946
913
1712
1426
968
1697
2592
2036
1983
1693
1963
1094
1410
1581
1516
1509
2151
1520
1581
1445
1895
1696
1307
1710
1557
1424
2020
1378
1722
1389
1642
1687
1601
2090
2043
1460
1677
1632
1506
2199
1599
1366
1620
1150
1661
1358
1689
1591
2258
1563
1493
2058
2144
1370
1250
1619
1684
1857
2006
1703
1690
1063
2137
1438
1648
1299
1513
1463
1656
1518
1926
1349
1690
1535
2234
1568
1799
1524
1630
1094
1488
1906
1984
1191
1582
1385
2349
1527
2207
1711
1469
1516
1815
1440
1635
1770
1613
998
1761
1482
2396
1399
2042
1251
1552
1665
1222
1460
1577
836
1503
1776
1965
1185
1853
1328
1351
1388
1788
1496
860
1497
1192
1594
1376
1413
1593
1732
1743
1262
1876
1713
1711
1173
1018
1150
1282
1280
747
1301
1737
1236
944
1059
1256
1172
1479
1476
1405
1196
1166
1645
1972
1570
1817
1202
1446
1166
1321
1284
845
1412
986
1138
1133
1348
1530
1542
1041
1101
1289
1357
1520
1095
1260
1318
1317
1095
2088
1179
1345
1182
944
1362
1317
1150
1346
1324
1636
860
1295
1197
1697
1187
1365
760
1356
1059
1501
2031
1258
1508
1564
1371
1143
1173
1355
1169
1519
967
1260
783
1751
1177
1777
1306
1255
1008
977
894
1011
1052
1466
1069
1245
996
1307
1317
1757
976
1711
1130
1200
1351
955
1119
1186
1191
1424
1269
906
1116
1057
1132
1088
1188
1032
1257
1235
977
1108
1150
1274
1275
1379
1176
1292
1303
1144
1054
1215
1174
1288
917
1272
1290
1536
946
1587
1112
1045
1060
1213
713
730
1139
1319
1100
966
1012
1751
1172
1359
1014
1144
1155
1054
1104
1723
1366
1236
1371
1201
1038
1543
1095
1742
819
1081
1034
1254
815
612
1133
2037
1094
738
1392
1134
1095
1662
1071
1179
1101
2350
1140
1620
1319
1588
1155
1331
900
1965
1160
1309
920
844
1179
1302
987
1032
1178
2002
943
1445
1090
2150
1133
1863
1101
1510
1180
2200
954
1573
1008
1247
1012
1129
1006
1380
1046
1349
646
1194
975
1542
1384
1949
921
1674
1387
1333
1154
1190
1489
1358
898
1431
1111
1345
757
1738
1011
1375
912
1771
1187
1388
1159
1675
1054
1084
1519
2639
1274
1906
1316
1207
1009
1280
1238
512
1012
1640
1882
1498
981
1431
1338
638
980
1660
814
1720
1327
1319
922
1313
517
1259
865
1228
894
1274
697
1158
1134
1454
1872
1844
563
1358
1202
1379
1062
2056
1345
1994
792
2177
1431
675
1003
1225
668
1404
243
1600
944
781
876
1814
1940
1136
1174
1294
1908
844
1364
1380
1051
1009
1340
1812
519
197
1532
1020
128
450
1420
1478
923
1675
1117
1246
1594
1137
1754
1736
1622
2278
1651
1151
1043
1416
1392
1039
775
1369
2008
1716
584
760
1433
1861
915
1774
733
1242
762
1139
453
1088
1358
1515
1290
1722
1215
1981
1196
1542
1077
2168
1373
1214
1075
1552
1170
1342
1835
2083
1426
2016
981
1036
1181
1664
1824
405
450
1928
1762
888
459
1000
1428
1125
1778
1816
1815
996
2080
1622
1850
1238
1701
2179
730
576
770
1722
853
1126
404
1435
970
1475
1594
1634
887
1480
1291
574
1558
1616
2091
1060
622
1673
1638
1549
1323
987
1695
1731
1083
1351
1494
1432
1574
1044
1122
883
1712
887
2036
1309
1217
1555
1730
919
1423
1501
1974
1494
1203
1460
1899
1596
950
1866
2031
891
1294
1320
1338
664
1563
1613
1220
1054
1415
1818
1206
744
1326
1440
1977
1137
1351
843
729
860
1618
1666
548
1626
1190
938
498
1527
550
1894
964
1444
1612
1470
1454
1099
1199
916
1809
2033
1014
1299
1690
2326
1725
2912
1928
1387
1835
1617
1219
1327
1975
1740
710
1197
945
1002
2156
1472
692
1260
1644
1089
1249
1019
1205
2028
1170
1376
1682
1360
1629
1456
1245
1269
1515
758
1271
1474
1194
2203
1337
1261
688
1488
1308
1106
703
1227
1856
1775
1532
1377
1939
1048
1340
1699
1262
1669
1578
2392
1197
772
1367
1976
1216
341
1257
1747
1322
767
871
1810
1868
1468
1873
1720
1455
1572
2063
2140
1584
1179
1257
617
1011
1480
1386
1135
2113
1104
856
1809
1344
1065
1820
1027
1961
1356
1781
1163
1850
1289
1647
889
981
824
1464
1832
1700
1397
1237
1484
1753
2020
2000
1378
865
758
1406
1297
1478
1029
1225
918
2049
2003
1806
2136
1431
1867
1281
1053
1879
2136
2476
1946
2309
1601
1530
1462
2244
1412
1005
1099
1293
1413
1155
1762
2080
1201
1768
1983
1170
1945
1448
1724
1359
1193
1669
1903
1343
1690
1296
1822
1881
1072
2009
1940
1776
1042
1201
1542
1114
1798
1404
1156
1552
1587
2276
1739
1964
578
1481
1559
1601
1956
1603
1236
1456
1226
1733
1661
1634
894
2237
1825
1777
1754
1895
1774
1688
2003
1623
1881
1725
824
2548
2407
1806
1246
2103
1315
1709
1824
1181
1663
1832
2399
2269
1525
1327
1501
2472
1406
1645
1581
1496
1509
1011
1223
1919
1178
2100
1615
2490
1892
1336
1143
1267
1654
1994
1824
1966
1846
1994
1331
1503
1696
1132
1928
2080
2022
1396
1084
1257
2306
2247
1052
2137
1536
1398
1998
1728
1893
1804
1889
1675
1654
1360
1027
1427
1410
1164
1406
1884
1605
1436
1812
1686
802
1965
1673
2231
1410
1718
1481
1834
1377
2536
1726
1918
1425
1600
1142
1325
1632
1999
1662
1265
1772
1854
2103
1824
1334
1074
2326
2249
2349
1840
1735
2095
1851
1131
1345
1940
1856
1739
984
1687
2499
2131
1440
1347
1691
2210
2262
1466
2002
1738
1741
1595
1417
1779
2262
1625
1690
1926
2236
1768
1502
1113
1471
1500
1251
1232
2087
1543
1488
1993
1719
1224
1161
2004
2017
2091
1829
2040
1556
2487
944
1798
1369
2054
1855
1916
1957
2014
1681
2179
1641
1653
1526
900
1756
1583
1272
2258
1281
1308
2355
2065
1502
1300
1048
2836
1863
1512
1661
2135
1875
1500
1348
2024
1491
1722
1303
1860
1235
1872
1893
1541
1886
1767
1852
1265
1590
2219
1912
1883
1769
2215
1623
2673
1831
2031
1542
2254
1468
1601
1623
1510
1975
1815
2018
1998
1451
1594
2031
1848
1332
1884
1440
1646
1683
1262
1646
1711
1770
1610
1840
1931
1312
1768
1897
1550
1846
2205
1704
1334
1683
1875
1428
1672
1532
1295
1437
1768
1255
1117
1302
1611
1730
2212
1736
1377
1641
1818
1653
1925
1697
1330
1480
1732
1470
1358
1729
1072
1587
1700
1760
1805
1478
1453
1093
1602
1720
1908
1440
1994
1026
1149
1266
1337
1372
1197
1144
1953
1533
1477
901
1976
1255
1706
1523
1487
1280
1051
1224
1576
1461
1525
1307
1512
1623
1354
1700
1600
312
1342
1313
1264
995
1453
1703
1636
1153
1482
1371
1302
1650
1101
1096
1268
1131
1675
1060
1187
1266
1692
1572
1871
1293
1282
1662
2028
1250
1378
1641
1603
1228
1387
1103
1276
1360
1555
1208
1486
1084
1229
1103
1198
1358
1380
1123
1277
1403
1639
1107
1661
1227
1088
1490
1289
1420
1565
1294
1336
830
1242
1000
1398
1472
1503
1307
1689
1024
1729
1298
1427
1420
1601
1098
2155
1285
2120
1351
1778
1265
1298
846
1851
1021
2477
1446
2006
969
1810
1487
1370
1063
1011
1360
1486
1573
907
1294
1099
1077
1053
1268
2005
1322
1673
1267
1686
1252
2128
1316
1187
870
1549
1047
1113
1446
1928
1321
1446
1054
1857
1132
1001
1092
1720
1674
1718
1319
1964
1074
888
1414
1815
1243
1138
1028
1117
1373
1138
1206
2324
960
1560
1037
1111
1527
1342
1170
1319
1154
1420
1291
2235
1524
2248
1509
1463
1167
1989
1356
1856
1045
1395
1383
1825
1382
2162
1295
1578
1399
1483
1329
1790
996
1860
1377
1073
1329
2376
1239
1567
954
1302
1342
1577
912
1565
1249
1674
1028
1599
747
1804
1174
1579
1164
1545
2045
1591
706
2318
1755
1336
1726
724
1775
2377
1290
2435
1111
1460
1312
2153
1269
1167
1779
1417
783
1444
1447
1435
1436
1051
1411
1657
1390
1404
617
1308
1571
1244
884
1302
1195
1467
1376
1765
1212
648
1702
2624
653
1355
1909
1680
1938
1390
2036
1321
1631
1622
1781
1361
1390
870
1772
760
379
1979
1491
1811
1696
1107
2022
1432
1058
1745
1572
1734
855
1606
1102
1699
624
1371
1099
630
878
1613
1159
994
1213
2286
1238
1455
1149
2439
1877
2028
1594
2338
992
1238
1999
1346
1712
2188
1742
2576
1592
813
1332
2060
1763
1261
1317
1280
2244
1206
1100
1742
1252
1948
868
1491
802
1347
2194
1491
1157
308
2519
1197
1673
1248
2408
1618
1250
1535
1854
1195
1648
1611
1682
457
1425
1831
907
1181
1936
1873
1293
1391
1002
1939
1077
1867
1192
1638
2150
1984
1493
2047
1048
2496
1617
1410
1013
1085
2387
2070
1490
496
1784
1644
1932
2324
1321
1167
1485
2682
1193
1099
1545
1839
2123
1806
982
1871
1632
791
550
1491
1163
934
1053
1005
846
1562
1641
1764
1352
1977
1349
1564
1902
1770
2304
1973
1637
1470
1649
1379
1295
1122
1572
1996
1273
1694
1239
1936
1723
1520
1216
1185
1274
1543
2101
2045
1312
1550
2014
1350
550
1988
1599
3110
1724
1361
1344
1579
1078
1955
1177
717
1754
2521
1555
1381
936
707
1527
1368
1592
2172
1832
2047
1592
904
1529
1547
2206
1682
1493
1385
2262
1812
2095
978
1115
1107
1185
1571
2022
1432
1357
1021
1664
1262
975
1766
1912
1208
2247
673
1372
1703
1731
1437
1472
1160
1327
1467
2031
1778
1719
751
1691
1747
1603
1532
1457
1068
1864
1437
1563
1934
1878
1723
1571
1023
651
1584
1527
1617
1699
1873
1496
1828
2201
2358
1802
1293
1813
1675
968
1557
1267
1805
1058
1455
1183
1463
2315
1727
1962
1813
1683
1404
2047
1816
1512
2300
1303
1321
1351
2227
1589
1808
1302
1370
1682
2035
2119
1215
1443
1273
979
1583
1888
1675
1618
1942
1582
1041
1465
1620
1067
1325
1431
1706
2071
1222
1383
1722
1694
1906
1726
1797
1023
1618
1355
1068
1491
2498
2116
1747
1138
2017
1424
1502
1573
1512
1780
2076
1886
1897
1630
1179
1426
1948
1282
1910
1088
2229
1367
878
1732
1952
1956
809
1274
2018
1959
1282
1260
1077
1276
1580
998
1827
1441
2017
2220
1739
1585
1617
1778
1291
1103
2009
1399
1253
1544
1381
1306
1823
1407
1623
1332
1193
1966
1792
2267
1244
1396
2082
1897
1800
1712
1564
2028
2259
1664
1272
1660
1496
1486
2240
1476
1739
1770
1540
2040
1802
1766
1895
2286
2170
1927
2283
2280
1633
2464
2221
1550
1575
1877
1609
2238
2086
1531
2296
1404
1883
1719
2010
2395
1709
1402
2149
2041
1694
1276
1757
1921
1865
2329
1417
1912
1629
1903
1772
1892
1722
1436
1227
1789
2188
2055
1465
1718
2341
2281
1525
1980
1324
1611
1651
2504
1967
2133
1064
2454
1901
1038
1123
1572
1371
1715
1645
1800
1476
1618
2037
1624
1546
1584
1735
1440
1494
1857
1622
1661
1606
2028
1607
2156
1730
1672
1119
2398
1698
2143
1681
2188
2144
1402
1559
2340
1368
1544
1388
1865
1340
2040
1657
1259
1723
1736
596
1830
1752
1744
1126
2469
955
1301
909
1493
1968
1644
2146
1943
1309
2265
2324
1291
1339
1514
1674
2442
1488
1477
1794
1563
1435
2035
2114
1796
955
1467
1807
1740
1306
1707
1640
1325
1787
2582
1554
1480
1129
2114
1910
2424
1483
1331
1848
2316
1268
1572
1716
1740
1568
2055
1497
1463
2287
2113
1770
1987
1532
2104
1482
1394
1598
2813
2065
1689
2558
2330
1425
1068
1517
2263
1618
1483
1798
1851
1804
1616
2444
1618
1997
1881
1646
2031
1555
1455
2199
2380
1508
2473
2036
1735
1142
1611
2161
1913
1288
1642
1650
1732
1265
2166
1720
1740
1500
1763
1850
2190
1547
2195
2142
1707
1594
1878
1667
2704
1882
1872
1962
2000
1634
2712
1549
2086
1813
1951
1632
1674
1758
1963
1563
1934
1747
1695
1749
1785
1428
1976
2410
1675
1623
1706
1644
1915
1650
1904
1529
1892
1755
1801
1696
1611
1770
2050
2366
1450
1809
1458
1911
1806
1603
1807
1755
2379
1605
1731
2174
2299
1461
1875
1394
2491
1612
1904
2308
2379
1447
2002
1167
2339
2120
2267
1285
1830
1383
2339
1789
2025
1169
1951
1829
2000
1491
1676
1434
1256
1347
2092
1870
1709
1512
1904
1870
2476
1466
2129
1619
1239
1669
2690
1361
1764
1280
2193
1338
1312
1641
1396
1059
1341
1485
1919
1584
1358
1617
1600
1188
1625
1471
1677
1170
1600
1609
1323
1433
2060
1561
2048
1363
2304
1144
800
939
1176
1422
1724
1263
665
1516
1835
1345
673
1353
2106
1219
1886
1275
1760
1781
1355
1521
1673
1567
1675
1471
1713
1298
806
1779
2253
1436
1413
1514
2035
1580
997
1616
1318
1918
1665
1445
1249
1200
2054
1519
875
899
1343
1039
2097
1733
1033
1343
985
1132
931
1647
756
1005
1305
1493
1789
1182
1803
1678
1841
1708
934
1187
1745
1444
1993
1088
1734
1807
1199
1238
1330
1234
1570
1099
1704
890
1434
1312
1281
1229
1367
1410
1435
1146
1666
1557
1331
1499
1432
1363
1915
1103
1866
1445
1661
1273
1368
1205
1559
1281
1031
1280
928
1221
1324
1321
1212
1005
1392
1336
1542
1179
892
1271
1732
1221
1422
1278
895
1251
1396
1493
1359
1298
1131
955
1461
1062
1699
1046
1374
798
1238
1071
1264
1568
1531
1358
1558
1418
1833
964
1283
1154
1597
1479
1790
1433
1081
1163
1278
1192
1129
964
1600
966
1344
1455
886
1254
1429
1267
1404
1027
1301
1031
1078
1421
1560
1556
1343
1038
1188
1211
1370
1299
1695
1106
667
1139
1312
1167
1340
1247
1597
1206
1000
993
1426
1392
935
1403
1420
1105
1420
1321
1306
1555
1350
958
1437
1192
1293
1259
1602
1291
1493
1301
1857
678
1254
1279
2151
994
1565
986
1672
1216
323
838
1911
1532
2264
1231
2187
820
426
1204
1550
1227
1314
1361
1859
894
397
1727
1080
1024
1361
1254
2152
1138
2150
1352
1454
1086
1615
1446
1633
1308
2330
1531
1679
1086
2236
1001
1257
1005
1306
1248
1765
1101
1532
1518
1670
1084
1519
499
1840
1162
2141
986
1326
1274
2119
1216
920
1318
1487
846
1352
951
2117
1184
2062
928
1363
1008
1541
1233
2156
1059
1341
1179
1190
1202
1678
1240
727
902
1351
1358
1646
1294
1699
1255
979
1743
1469
1667
1401
1524
2084
887
1392
1455
1313
1220
87
1176
2450
1244
1344
1410
1278
1252
1379
959
1652
1008
1868
1784
1395
1308
1391
1479
2002
1339
1737
1204
1203
928
1848
1295
1570
1444
1050
1108
1130
1296
1006
1128
483
1021
208
1324
1287
1028
2492
1622
1015
1049
1144
1570
1825
1199
977
1254
1990
1020
1653
1686
1345
1286
1472
1190
799
1346
1672
1168
1406
972
2118
1275
1341
1307
1702
1245
825
1197
1758
1034
1312
1246
1901
940
1730
1491
1168
1048
1923
1246
2134
798
1794
1443
1389
1303
1227
1147
1808
1283
2236
1200
1418
1338
2012
1524
2161
1246
1405
1285
1251
904
1874
1270
2071
1572
814
1007
1647
1784
1890
180
2132
1175
1431
1948
1895
1083
2323
1808
1869
1554
1860
1759
2157
1043
1797
1326
1867
539
2242
1451
1606
1929
2056
1236
1238
1751
1510
0
684
2177
1539
2794
820
2080
1251
1106
1629
1546
1553
2061
1965
1882
531
1556
2921
793
1579
433
801
1367
2010
1465
1505
1882
1209
1618
1331
1435
2091
2189
1793
1273
1916
1831
1089
1241
1638
743
2182
1531
1433
961
1563
1614
2018
962
1022
903
1882
1045
1145
1055
2280
1649
2285
1479
1435
1539
1455
800
1591
1534
971
1623
1600
1266
1591
1795
1616
1342
1873
1926
1583
1534
666
1497
2178
1465
1135
1514
1304
1921
1702
1305
1871
789
1182
1418
1914
2000
1753
2027
2811
1410
2128
1160
1594
377
2227
2049
2082
934
1452
2077
2296
2169
1239
1540
1163
1348
2041
1667
2864
1199
2656
1847
1245
1418
2338
1667
2342
1767
2311
1457
2235
2323
2092
986
2125
1467
1695
2219
2170
1436
1748
1637
1752
1532
3034
1454
1556
1212
1262
1271
2093
2357
1156
1055
2019
1167
1636
1779
1794
1518
1593
1572
1965
1677
1582
2306
1760
2318
607
2229
1331
1245
1811
959
2392
2476
1975
2035
2567
2014
1485
1431
1168
1395
1127
1542
2112
2406
1911
2034
1049
2098
1656
1828
1901
1346
1787
2204
1074
1198
1737
1391
2021
1289
1217
882
2100
1717
1204
1427
2508
1962
2157
1941
1581
1142
2399
1487
1524
1356
1562
2000
1467
1296
1262
1980
1666
1573
1799
860
2110
1084
1377
1456
1783
1676
1405
1655
1323
1481
2363
2210
1895
1984
2496
1774
1492
1994
3169
1849
1615
2040
1898
1973
1997
1372
1378
1890
1951
2153
1896
523
2332
1907
1926
1523
1410
2392
1528
2025
1733
2297
2102
1698
1934
1296
2304
1838
1599
2878
1899
1243
1366
1560
2166
2038
2417
2183
2056
1713
2306
1864
2343
2478
2731
2271
2165
2287
1279
1668
2270
2241
1821
2537
1395
1382
1390
1588
1689
1777
1259
1728
2870
1478
2094
1801
1478
2123
2215
1994
1697
1645
1646
1610
1983
1672
2528
1357
1796
1057
2200
1408
2354
2525
1996
1972
2075
2079
1700
2273
2156
2377
1735
1478
2753
2100
1707
1935
2271
1724
1877
1592
2138
1743
1235
2272
1731
1196
2430
1393
2654
2210
1759
948
2269
2020
1882
2567
1526
2012
1863
2538
2346
1350
2297
2085
2187
1598
2171
1651
1928
2182
1533
1487
1910
1762
1448
1492
2633
1262
1791
2128
2479
2159
2136
2240
1300
1683
1963
1530
2098
2340
1596
2188
1922
2265
2980
1929
1666
1715
2913
1888
2544
1929
1968
2180
1782
1775
2532
1455
2069
2054
2262
3328
1210
2790
1951
1592
2284
1710
1356
909
1696
1673
1997
1829
1006
2468
1643
1883
1345
2116
2216
2082
2143
1370
2050
1376
2732
1902
2341
1260
1853
2398
2074
2579
1477
2609
1703
1609
1895
2293
1771
1226
1546
1198
1630
1497
2066
1952
2507
2794
1634
1903
1196
1723
2517
1603
1728
1530
1697
2261
1371
1711
1481
1485
1765
466
1687
1720
2182
2783
1588
1331
1818
1727
2132
2074
1408
2570
1947
1887
2447
2229
1951
1954
1502
1952
404
1867
2123
1628
1453
2711
2186
2059
1377
1613
1529
1866
2332
1794
2078
1533
1359
1706
1510
2242
1367
1809
1487
1392
1591
1490
1638
1539
1529
1747
1827
1999
928
1778
949
2284
2300
2351
1909
320
1464
1684
2019
2248
1497
1645
1947
1564
1543
2017
1280
1678
1128
2150
1555
2308
1584
914
1445
1446
2089
1724
635
1284
1853
1098
1783
1659
866
2114
1506
1198
2150
2093
1444
1806
1809
1123
1329
2104
1435
1563
706
1130
1437
1771
1241
1802
1483
1066
933
717
1143
1375
2222
1024
1041
1652
2321
894
1815
1285
1797
1339
2131
928
1804
1565
1522
1321
1320
1488
1894
1636
903
660
1631
1857
1597
718
1356
1187
2146
1235
1158
1680
1661
1577
1961
730
1846
1940
1796
1774
1308
1202
1371
301
1971
1330
680
2058
1193
1184
1412
1613
1600
1586
1634
1679
1558
1188
1479
1412
1742
2027
1910
1319
1114
1568
1446
1104
1116
2102
1507
1374
664
1462
1817
1392
1597
1672
1751
1339
1486
2126
1067
1411
1049
1780
993
1171
1257
1225
1648
1390
1299
1912
1417
1033
911
1884
1040
1564
1459
1394
1587
934
1375
1802
1530
1427
2038
1565
1305
1489
1636
1717
2024
1584
1227
1996
1365
1310
2000
2039
1226
1371
1454
844
1215
859
1301
1732
1253
1430
1512
948
828
1152
1137
1126
1358
1552
1657
1568
897
1413
1099
1238
780
1353
1752
1565
1703
1483
1353
1239
1491
1448
1727
947
1067
1538
1248
1370
1418
1413
1438
2024
1458
1602
1539
1556
1529
1328
1360
1128
615
1502
2144
1338
1409
765
1044
1644
1775
1101
1061
1399
1728
1511
1458
1543
1326
1070
1275
1557
1478
1666
1189
1220
1234
1745
1795
1622
889
1320
1919
1995
1512
1172
1699
1562
1261
1048
1408
1572
1965
1907
1287
1912
1925
1358
1248
966
1555
1419
1829
1549
1484
1100
1261
1302
991
1244
1634
1713
966
1422
1340
1843
1275
1190
906
1260
1390
2164
782
1519
1582
1929
1149
908
1412
2215
1217
1896
1749
1340
923
1034
766
1417
563
1435
1389
1479
1008
1694
1182
2101
1508
1443
902
1461
1442
1257
982
459
866
1489
1209
1355
2056
1231
875
1196
1312
1752
1357
803
1553
1549
1803
1289
1242
1894
728
1317
1060
1046
1395
1842
1239
1760
957
1453
1301
1056
1607
1655
934
1407
1408
1491
1089
1324
1876
1755
847
1304
1048
1566
708
1415
1160
1515
748
1186
1896
1372
1198
1168
1226
1429
828
1492
1199
1303
1102
1090
833
1471
1379
1045
1178
1392
1355
1092
1408
1295
1452
1537
1672
1481
1276
1267
1340
1193
1032
1258
851
1460
906
813
1349
1443
1555
1371
1265
1623
1955
1848
1379
1568
981
1587
1896
1836
933
1218
1300
2351
907
1556
1200
1686
1743
1771
1403
1853
1925
1320
1082
1307
1781
1553
1419
1718
1597
1732
938
1373
1504
1344
1502
1113
892
1497
1694
1862
951
1496
1097
1304
751
1756
1246
2027
1422
1419
1614
966
1787
1941
1143
1230
1060
1687
1364
1522
1179
1299
1532
1623
942
1639
1200
1468
1620
1967
1390
1273
1424
1365
1229
1747
1624
1796
1435
1451
1143
1575
1638
1092
1938
1377
2018
1547
1619
1167
1479
1248
1116
1392
1337
1073
1066
1374
802
1441
1162
2076
2055
1315
1824
1105
894
1475
2022
1170
1690
999
1007
1848
960
1657
1375
1734
2134
2059
1332
1825
1541
1202
1708
1398
1054
1461
935
1469
1217
1428
1488
2118
1448
1713
1595
1465
2173
1975
1026
2079
923
1506
1588
1161
1598
1364
1449
1529
2148
2080
1646
1696
1237
1404
918
2242
1086
1457
1369
2366
1098
2212
1032
1178
2132
1861
1126
1269
834
1815
1878
1568
1506
1403
1577
1374
1652
1615
1513
1971
1792
1633
947
1831
1524
1234
1177
1660
1864
1550
1966
1773
1218
1857
1955
2272
1980
2162
1428
1632
1393
1570
1387
1395
1442
1228
1784
1847
1487
1892
1685
1826
1181
2086
1562
1838
1138
2291
1280
2244
1158
1541
2058
2064
989
1976
1605
1894
1479
1740
1262
1854
1600
1447
1163
2076
1460
1594
1613
2386
1612
2047
1262
1106
1856
1731
1617
973
1693
2208
1040
1642
1420
2146
1753
1333
1382
1754
1739
1848
1681
1752
1552
1853
1816
1660
1442
1995
2174
1532
1706
1147
1643
1093
1737
1808
1464
2030
1627
2158
1040
2529
1905
1561
1889
1809
1347
1802
1542
1969
1453
2064
1403
2194
1648
1878
1968
2216
1070
2024
1160
2556
1744
2143
1680
2264
1755
1882
1898
1887
1652
1938
1835
2256
1687
1841
1051
1353
1706
1383
2132
1795
1476
1800
1677
2508
1324
1906
1752
1877
1517
1614
1509
2297
2088
2543
1739
2068
1691
1564
1738
1995
1504
2316
1742
2171
1685
2007
1728
1879
1648
1299
1959
2204
1466
1897
1669
1664
1614
1334
1450
1659
1872
1961
2089
1221
1783
1882
1730
1597
1927
2358
1672
1347
1809
2322
1997
1683
1815
1333
1311
2183
1410
1484
1888
1856
1910
1694
1646
1991
1581
1593
1784
1416
1668
1723
1595
1775
1729
2176
1359
2124
2231
2091
1780
2097
1733
1238
1966
1575
2176
1538
1612
2028
1783
1614
2121
2075
1402
1689
1670
2187
1913
2034
1805
1507
1820
2109
1784
1812
2129
1655
1896
1841
1819
1965
1501
2230
1865
1868
1299
1686
1581
1841
1837
1984
1583
1995
1907
1955
2177
2442
1868
1769
2001
2138
1690
2290
1375
2222
2131
1688
1516
2242
1910
1863
1875
1816
1841
2094
1906
1903
1752
2109
975
2019
1869
1988
1898
2083
2292
1734
1948
1928
2021
1822
1712
1704
1984
1722
1676
2385
1658
1744
1851
1620
1535
2157
1764
2107
1471
2450
1977
2029
1608
1860
2155
1770
1024
2097
1947
2141
1539
2139
1523
1873
1662
2249
1520
1791
1711
1862
2118
2556
2002
2383
1433
2013
1722
2011
1914
2267
1732
1932
1638
2172
2192
2136
1931
1875
1879
2054
1579
2434
1694
2146
2148
1305
1169
1646
2258
2039
1560
2135
1443
1825
1733
2176
1795
2271
2232
1853
1849
2007
1868
2220
2091
2036
2087
2226
2197
1797
1970
2071
1509
2450
2157
2346
1801
2674
1891
3102
1514
2851
1548
2018
1638
1951
1719
1843
1907
2277
1933
2455
1645
2528
1972
1982
1624
2583
1882
2273
2598
2377
1635
2345
2216
1872
1800
2264
2296
2129
1945
2304
1844
2236
1811
1545
1879
1794
1625
2338
2053
1743
2025
1791
1657
2527
2342
2476
1839
2361
1818
1991
1848
2230
1807
1547
1904
2310
2221
2672
1525
2104
1991
1194
1787
1878
1661
3062
2046
1328
2095
2432
1904
1264
1889
1743
1656
2649
1638
2593
1248
2672
2061
2100
1375
2822
2280
2205
1435
2146
1808
2571
1718
2566
1990
2367
1804
2387
2182
2192
1834
2591
1966
1369
1923
2734
2047
2200
1472
2588
1719
1598
1603
1829
1786
1531
2155
2142
1387
1376
2107
2208
1436
1658
1458
2432
2160
2233
1854
2107
1550
2025
2195
2458
1762
2106
1880
2436
2128
2167
1904
1163
1790
2568
2086
1666
1034
1862
2032
1883
1328
2065
1780
2159
1646
1747
1945
2017
1364
1890
1895
2561
1691
2482
2011
1784
1419
2717
2332
1819
1670
2702
1993
1642
1958
2163
1565
2346
2278
2285
1020
1867
2723
2024
1373
3019
3202
1885
1585
3006
1787
2257
1773
1604
1572
2616
2416
2502
2537
1436
2483
2642
1860
2178
1884
2575
1899
1963
932
2143
2562
3031
1792
1977
2585
1820
1997
1717
2352
2330
2145
2005
2585
1994
2430
2206
1613
2076
1694
1691
1786
1973
1788
2535
1595
2036
1822
2584
1078
2968
2059
2651
1553
1979
2206
1922
1695
1955
2790
2344
1596
1899
2741
1343
1859
2076
2055
2554
1873
2066
2201
2230
1591
2566
1931
972
1379
1816
1680
2306
1782
2679
2035
1497
1402
1752
1776
1236
1968
1824
1716
2615
1385
2388
1219
1923
1503
1804
2338
2287
2139
2676
2043
2309
1197
1827
2082
2162
2089
2475
1792
2230
2274
2064
2031
1899
1377
2974
1522
2238
1717
2528
962
1386
1829
2299
1051
2673
1502
2118
1876
1983
2058
1271
387
2745
